route_id,service_id,trip_short_name,trip_headsign,route_short_name,direction_id,block_id,shape_id,wheelchair_accessible,trip_bikes_allowed,trip_id
1,1,,Outbound,,,1211,6,0,0,0_TMS1404
35,1,,Inbound,,,1011,14,0,0,1000_TMS2176
35,1,,Inbound,,,1012,14,0,0,1001_TMS2177
35,1,,Inbound,,,1011,14,0,0,1002_TMS2178
35,1,,Inbound,,,1012,14,0,0,1003_TMS2179
35,1,,Inbound,,,1011,14,0,0,1004_TMS2180
35,1,,Inbound,,,1012,14,0,0,1005_TMS2181
35,1,,Inbound,,,1011,14,0,0,1006_TMS2182
35,1,,Inbound,,,1012,14,0,0,1007_TMS2183
35,1,,Inbound,,,1011,14,0,0,1008_TMS2184
35,1,,Inbound,,,1012,14,0,0,1009_TMS2185
2,1,,Inbound,,,4101,10,0,0,100_TMS1488
35,1,,Inbound,,,1011,14,0,0,1010_TMS2186
35,1,,Inbound,,,1012,14,0,0,1011_TMS2187
35,1,,Inbound,,,1011,14,0,0,1012_TMS2188
35,1,,Inbound,,,1012,14,0,0,1013_TMS2189
35,1,,Inbound,,,1011,14,0,0,1014_TMS2190
35,1,,Inbound,,,1012,14,0,0,1015_TMS2191
35,1,,Inbound,,,1011,14,0,0,1016_TMS2192
35,1,,Inbound,,,1012,14,0,0,1017_TMS2193
35,1,,Inbound,,,1011,14,0,0,1018_TMS2194
35,1,,Inbound,,,1012,14,0,0,1019_TMS2195
2,1,,Inbound,,,6602,10,0,0,101_TMS1489
35,1,,Inbound,,,1011,14,0,0,1020_TMS2196
35,1,,Inbound,,,1012,14,0,0,1021_TMS2197
35,1,,Inbound,,,1011,14,0,0,1022_TMS2198
35,1,,Inbound,,,1012,14,0,0,1023_TMS2199
35,1,,Inbound,,,1011,14,0,0,1024_TMS2200
35,1,,Inbound,,,1012,14,0,0,1025_TMS2201
35,1,,Inbound,,,1011,14,0,0,1026_TMS2202
35,1,,Inbound,,,1012,14,0,0,1027_TMS2203
35,1,,Inbound,,,1011,14,0,0,1028_TMS2204
35,1,,Inbound,,,1012,14,0,0,1029_TMS2205
2,1,,Inbound,,,4102,10,0,0,102_TMS1490
35,1,,Inbound,,,1011,14,0,0,1030_TMS2206
35,1,,Inbound,,,1012,14,0,0,1031_TMS2207
35,1,,Inbound,,,1011,14,0,0,1032_TMS2208
35,1,,Inbound,,,1012,14,0,0,1033_TMS2209
35,1,,Inbound,,,1011,14,0,0,1034_TMS2210
35,1,,Inbound,,,1012,14,0,0,1035_TMS2211
35,1,,Inbound,,,1011,14,0,0,1036_TMS2212
35,1,,Inbound,,,1012,14,0,0,1037_TMS2213
35,1,,Inbound,,,1011,14,0,0,1038_TMS2214
35,1,,Inbound,,,1012,14,0,0,1039_TMS2215
2,1,,Inbound,,,6603,10,0,0,103_TMS1491
35,1,,Inbound,,,1011,14,0,0,1040_TMS2216
35,1,,Inbound,,,1012,14,0,0,1041_TMS2217
35,1,,Inbound,,,1011,14,0,0,1042_TMS2218
35,1,,Inbound,,,1012,14,0,0,1043_TMS2219
36,1,,Outbound,,,4131,55,0,0,1044_TMS2102
36,1,,Outbound,,,4131,55,0,0,1045_TMS2103
36,1,,Outbound,,,4131,55,0,0,1046_TMS2104
36,1,,Outbound,,,4131,55,0,0,1047_TMS2119
36,1,,Inbound,,,4101,60,0,0,1048_TMS2099
36,1,,Inbound,,,4131,40,0,0,1049_TMS2100
2,1,,Inbound,,,4103,10,0,0,104_TMS1492
36,1,,Inbound,,,4131,40,0,0,1050_TMS2101
36,1,,Inbound,,,4131,40,0,0,1051_TMS2118
37,1,,Outbound,,,9902,72,0,0,1052_TMS1360
37,1,,Outbound,,,9912,72,0,0,1053_TMS1361
37,1,,Outbound,,,9913,59,0,0,1054_TMS1362
37,1,,Outbound,,,9901,59,0,0,1055_TMS1363
37,1,,Outbound,,,9911,59,0,0,1056_TMS2398
37,1,,Outbound,,,9902,59,0,0,1057_TMS1364
37,1,,Outbound,,,9901,59,0,0,1058_TMS1365
37,1,,Outbound,,,9902,59,0,0,1059_TMS1366
2,1,,Inbound,,,6604,10,0,0,105_TMS1493
37,1,,Inbound,,,9901,61,0,0,1060_TMS1383
37,1,,Inbound,,,9902,61,0,0,1061_TMS1384
37,1,,Inbound,,,9901,61,0,0,1062_TMS1385
37,1,,Inbound,,,9921,61,0,0,1063_TMS1386
37,1,,Inbound,,,9924,61,0,0,1064_TMS2274
37,1,,Inbound,,,9922,61,0,0,1065_TMS1387
37,1,,Inbound,,,9902,63,0,0,1066_TMS1389
37,1,,Inbound,,,9923,63,0,0,1067_TMS1390
37,1,,Inbound,,,9901,61,0,0,1068_TMS2401
37,1,,Inbound,,,9921,61,0,0,1069_TMS1388
2,1,,Inbound,,,4104,10,0,0,106_TMS1494
38,1,,Outbound,,,9924,58,0,0,1070_TMS1375
38,1,,Inbound,,,9914,56,0,0,1071_TMS1391
1,2,,Outbound,,,6403,6,0,0,1072_TMS221
1,2,,Outbound,,,6401,6,0,0,1073_TMS222
1,2,,Outbound,,,6402,6,0,0,1074_TMS223
1,2,,Outbound,,,6403,6,0,0,1075_TMS224
1,2,,Outbound,,,6401,6,0,0,1076_TMS225
1,2,,Outbound,,,6402,6,0,0,1077_TMS226
1,2,,Outbound,,,6403,6,0,0,1078_TMS227
1,2,,Outbound,,,6401,6,0,0,1079_TMS228
2,1,,Inbound,,,6605,10,0,0,107_TMS1495
1,2,,Outbound,,,6402,6,0,0,1080_TMS229
1,2,,Outbound,,,6403,6,0,0,1081_TMS230
1,2,,Outbound,,,6401,6,0,0,1082_TMS231
1,2,,Outbound,,,6402,6,0,0,1083_TMS232
1,2,,Inbound,,,1201,19,0,0,1084_TMS1436
1,2,,Inbound,,,1202,19,0,0,1085_TMS1437
1,2,,Inbound,,,1201,19,0,0,1086_TMS1438
1,2,,Inbound,,,1202,19,0,0,1087_TMS1439
1,2,,Inbound,,,1201,19,0,0,1088_TMS1440
1,2,,Inbound,,,1202,19,0,0,1089_TMS1441
2,1,,Inbound,,,4101,10,0,0,108_TMS1496
1,2,,Inbound,,,1201,19,0,0,1090_TMS1442
1,2,,Inbound,,,1202,19,0,0,1091_TMS1443
1,2,,Inbound,,,1201,19,0,0,1092_TMS1444
1,2,,Inbound,,,1202,19,0,0,1093_TMS1445
1,2,,Inbound,,,1201,19,0,0,1094_TMS1446
1,2,,Inbound,,,1202,19,0,0,1095_TMS1447
1,2,,Inbound,,,6403,19,0,0,1096_TMS1448
1,2,,Inbound,,,6403,19,0,0,1097_TMS1449
1,2,,Inbound,,,6403,19,0,0,1098_TMS1450
2,2,,Outbound,,,1201,1,0,0,1099_TMS452
2,1,,Inbound,,,6601,10,0,0,109_TMS1497
1,1,,Outbound,,,1201,6,0,0,10_TMS1399
2,2,,Outbound,,,1202,1,0,0,1100_TMS453
2,2,,Outbound,,,1201,1,0,0,1101_TMS454
2,2,,Outbound,,,1202,1,0,0,1102_TMS455
2,2,,Outbound,,,1201,1,0,0,1103_TMS456
2,2,,Outbound,,,1202,1,0,0,1104_TMS457
2,2,,Outbound,,,1201,1,0,0,1105_TMS458
2,2,,Outbound,,,1202,1,0,0,1106_TMS459
2,2,,Outbound,,,1201,1,0,0,1107_TMS460
2,2,,Outbound,,,1202,1,0,0,1108_TMS461
2,2,,Outbound,,,1201,1,0,0,1109_TMS462
2,1,,Inbound,,,4102,10,0,0,110_TMS1498
2,2,,Outbound,,,1202,1,0,0,1110_TMS463
2,2,,Outbound,,,6403,1,0,0,1111_TMS464
2,2,,Outbound,,,6403,1,0,0,1112_TMS465
2,2,,Outbound,,,6403,1,0,0,1113_TMS466
2,2,,Inbound,,,6403,10,0,0,1114_TMS1538
2,2,,Inbound,,,6401,10,0,0,1115_TMS1539
2,2,,Inbound,,,6402,10,0,0,1116_TMS1540
2,2,,Inbound,,,6403,10,0,0,1117_TMS1541
2,2,,Inbound,,,6401,10,0,0,1118_TMS1542
2,2,,Inbound,,,6402,10,0,0,1119_TMS1543
2,1,,Inbound,,,6602,10,0,0,111_TMS1499
2,2,,Inbound,,,6403,10,0,0,1120_TMS1544
2,2,,Inbound,,,6401,10,0,0,1121_TMS1545
2,2,,Inbound,,,6402,10,0,0,1122_TMS1546
2,2,,Inbound,,,6403,10,0,0,1123_TMS1547
2,2,,Inbound,,,6401,10,0,0,1124_TMS1548
2,2,,Inbound,,,6402,10,0,0,1125_TMS1549
5,2,,Outbound,,,6003,3,0,0,1126_TMS1644
5,2,,Outbound,,,6001,3,0,0,1127_TMS1645
5,2,,Outbound,,,6002,3,0,0,1128_TMS1646
5,2,,Outbound,,,6003,3,0,0,1129_TMS1647
2,1,,Inbound,,,4103,10,0,0,112_TMS1500
5,2,,Outbound,,,6001,3,0,0,1130_TMS1648
5,2,,Outbound,,,6002,3,0,0,1131_TMS1649
5,2,,Outbound,,,6003,3,0,0,1132_TMS1650
5,2,,Outbound,,,6001,3,0,0,1133_TMS1651
5,2,,Outbound,,,6002,3,0,0,1134_TMS1652
5,2,,Outbound,,,6003,3,0,0,1135_TMS1653
5,2,,Outbound,,,6001,3,0,0,1136_TMS1654
5,2,,Outbound,,,6002,3,0,0,1137_TMS1655
5,2,,Inbound,,,6003,41,0,0,1138_TMS1656
5,2,,Inbound,,,6001,41,0,0,1139_TMS1657
2,1,,Inbound,,,6603,10,0,0,113_TMS1501
5,2,,Inbound,,,6002,41,0,0,1140_TMS1658
5,2,,Inbound,,,6003,41,0,0,1141_TMS1659
5,2,,Inbound,,,6001,41,0,0,1142_TMS1660
5,2,,Inbound,,,6002,41,0,0,1143_TMS1661
5,2,,Inbound,,,6003,41,0,0,1144_TMS1662
5,2,,Inbound,,,6001,41,0,0,1145_TMS1663
5,2,,Inbound,,,6002,41,0,0,1146_TMS1664
5,2,,Inbound,,,6003,41,0,0,1147_TMS1665
5,2,,Inbound,,,6001,41,0,0,1148_TMS1666
5,2,,Inbound,,,6002,41,0,0,1149_TMS1667
2,1,,Inbound,,,4104,10,0,0,114_TMS1502
7,2,,Outbound,,,4101,9,0,0,1150_TMS254
7,2,,Outbound,,,4102,9,0,0,1151_TMS255
7,2,,Outbound,,,4101,9,0,0,1152_TMS256
7,2,,Outbound,,,4102,9,0,0,1153_TMS257
7,2,,Outbound,,,4101,9,0,0,1154_TMS258
7,2,,Outbound,,,4102,9,0,0,1155_TMS259
7,2,,Outbound,,,4101,9,0,0,1156_TMS260
7,2,,Outbound,,,4102,9,0,0,1157_TMS261
7,2,,Outbound,,,4101,9,0,0,1158_TMS262
7,2,,Outbound,,,4102,9,0,0,1159_TMS263
2,1,,Inbound,,,6604,10,0,0,115_TMS1503
7,2,,Outbound,,,4101,9,0,0,1160_TMS264
7,2,,Outbound,,,4102,9,0,0,1161_TMS265
7,2,,Outbound,,,4101,9,0,0,1162_TMS266
7,2,,Outbound,,,4102,9,0,0,1163_TMS267
7,2,,Outbound,,,4101,9,0,0,1164_TMS268
7,2,,Outbound,,,4102,9,0,0,1165_TMS269
7,2,,Outbound,,,4101,9,0,0,1166_TMS270
7,2,,Outbound,,,4102,9,0,0,1167_TMS271
7,2,,Outbound,,,4101,9,0,0,1168_TMS272
7,2,,Outbound,,,4102,9,0,0,1169_TMS273
2,1,,Inbound,,,4101,10,0,0,116_TMS1504
7,2,,Outbound,,,4101,9,0,0,1170_TMS274
7,2,,Outbound,,,4102,9,0,0,1171_TMS275
7,2,,Outbound,,,4101,9,0,0,1172_TMS276
7,2,,Outbound,,,4102,9,0,0,1173_TMS277
7,2,,Outbound,,,4101,9,0,0,1174_TMS278
7,2,,Outbound,,,4102,9,0,0,1175_TMS1604
7,2,,Outbound,,,4101,9,0,0,1176_TMS279
7,2,,Outbound,,,4102,9,0,0,1177_TMS1605
7,2,,Outbound,,,4101,9,0,0,1178_TMS280
7,2,,Outbound,,,4102,9,0,0,1179_TMS1606
2,1,,Inbound,,,6605,10,0,0,117_TMS1505
7,2,,Outbound,,,4101,9,0,0,1180_TMS281
7,2,,Inbound,,,4101,42,0,0,1181_TMS282
7,2,,Inbound,,,4102,42,0,0,1182_TMS283
7,2,,Inbound,,,4101,42,0,0,1183_TMS284
7,2,,Inbound,,,4102,42,0,0,1184_TMS285
7,2,,Inbound,,,4101,42,0,0,1185_TMS286
7,2,,Inbound,,,4102,42,0,0,1186_TMS287
7,2,,Inbound,,,4101,42,0,0,1187_TMS288
7,2,,Inbound,,,4102,42,0,0,1188_TMS289
7,2,,Inbound,,,4101,42,0,0,1189_TMS290
2,1,,Inbound,,,4102,10,0,0,118_TMS1506
7,2,,Inbound,,,4102,42,0,0,1190_TMS291
7,2,,Inbound,,,4101,42,0,0,1191_TMS292
7,2,,Inbound,,,4102,42,0,0,1192_TMS293
7,2,,Inbound,,,4101,42,0,0,1193_TMS294
7,2,,Inbound,,,4102,42,0,0,1194_TMS295
7,2,,Inbound,,,4101,42,0,0,1195_TMS296
7,2,,Inbound,,,4102,42,0,0,1196_TMS297
7,2,,Inbound,,,4101,42,0,0,1197_TMS298
7,2,,Inbound,,,4102,42,0,0,1198_TMS299
7,2,,Inbound,,,4101,42,0,0,1199_TMS300
2,1,,Inbound,,,6601,10,0,0,119_TMS1507
1,1,,Outbound,,,1202,6,0,0,11_TMS1400
7,2,,Inbound,,,4102,42,0,0,1200_TMS301
7,2,,Inbound,,,4101,42,0,0,1201_TMS302
7,2,,Inbound,,,4102,42,0,0,1202_TMS303
7,2,,Inbound,,,4101,42,0,0,1203_TMS304
7,2,,Inbound,,,4102,42,0,0,1204_TMS305
7,2,,Inbound,,,4101,42,0,0,1205_TMS306
7,2,,Inbound,,,4102,42,0,0,1206_TMS1607
7,2,,Inbound,,,4101,42,0,0,1207_TMS307
7,2,,Inbound,,,4102,42,0,0,1208_TMS1608
7,2,,Inbound,,,4101,42,0,0,1209_TMS308
2,1,,Inbound,,,4103,10,0,0,120_TMS1508
7,2,,Inbound,,,4102,42,0,0,1210_TMS1609
8,2,,Outbound,,,4402,29,0,0,1211_TMS350
8,2,,Outbound,,,4403,29,0,0,1212_TMS878
8,2,,Outbound,,,4404,29,0,0,1213_TMS351
8,2,,Outbound,,,4405,29,0,0,1214_TMS879
8,2,,Outbound,,,4401,29,0,0,1215_TMS352
8,2,,Outbound,,,4402,29,0,0,1216_TMS880
8,2,,Outbound,,,4403,29,0,0,1217_TMS353
8,2,,Outbound,,,4404,29,0,0,1218_TMS881
8,2,,Outbound,,,6201,29,0,0,1219_TMS354
2,1,,Inbound,,,6602,10,0,0,121_TMS1509
8,2,,Outbound,,,6202,29,0,0,1220_TMS882
8,2,,Outbound,,,6203,29,0,0,1221_TMS355
8,2,,Outbound,,,6204,29,0,0,1222_TMS883
8,2,,Outbound,,,4405,29,0,0,1223_TMS356
8,2,,Outbound,,,4401,29,0,0,1224_TMS884
8,2,,Outbound,,,4402,29,0,0,1225_TMS357
8,2,,Outbound,,,4403,29,0,0,1226_TMS885
8,2,,Outbound,,,4404,29,0,0,1227_TMS358
8,2,,Outbound,,,6201,29,0,0,1228_TMS886
8,2,,Outbound,,,6202,29,0,0,1229_TMS359
2,1,,Inbound,,,4104,10,0,0,122_TMS1510
8,2,,Outbound,,,6203,29,0,0,1230_TMS887
8,2,,Outbound,,,6204,29,0,0,1231_TMS360
8,2,,Outbound,,,4404,29,0,0,1232_TMS888
8,2,,Outbound,,,6201,29,0,0,1233_TMS361
8,2,,Outbound,,,6202,29,0,0,1234_TMS889
8,2,,Outbound,,,6203,29,0,0,1235_TMS362
8,2,,Outbound,,,6204,29,0,0,1236_TMS1642
8,2,,Outbound,,,4404,29,0,0,1237_TMS363
8,2,,Inbound,,,4402,35,0,0,1238_TMS364
8,2,,Inbound,,,4403,35,0,0,1239_TMS890
2,1,,Inbound,,,6603,10,0,0,123_TMS1511
8,2,,Inbound,,,4404,35,0,0,1240_TMS365
8,2,,Inbound,,,4405,35,0,0,1241_TMS891
8,2,,Inbound,,,4401,35,0,0,1242_TMS366
8,2,,Inbound,,,4402,35,0,0,1243_TMS892
8,2,,Inbound,,,4403,35,0,0,1244_TMS367
8,2,,Inbound,,,4404,35,0,0,1245_TMS893
8,2,,Inbound,,,6201,35,0,0,1246_TMS368
8,2,,Inbound,,,6202,35,0,0,1247_TMS894
8,2,,Inbound,,,6203,35,0,0,1248_TMS369
8,2,,Inbound,,,6204,35,0,0,1249_TMS895
2,1,,Inbound,,,4101,10,0,0,124_TMS1512
8,2,,Inbound,,,4405,35,0,0,1250_TMS370
8,2,,Inbound,,,4401,35,0,0,1251_TMS896
8,2,,Inbound,,,4402,35,0,0,1252_TMS371
8,2,,Inbound,,,4403,35,0,0,1253_TMS897
8,2,,Inbound,,,4404,35,0,0,1254_TMS372
8,2,,Inbound,,,6201,35,0,0,1255_TMS898
8,2,,Inbound,,,6202,35,0,0,1256_TMS373
8,2,,Inbound,,,6203,35,0,0,1257_TMS899
8,2,,Inbound,,,6204,35,0,0,1258_TMS374
8,2,,Inbound,,,4404,35,0,0,1259_TMS900
2,1,,Inbound,,,6604,10,0,0,125_TMS1513
8,2,,Inbound,,,6201,35,0,0,1260_TMS375
8,2,,Inbound,,,6202,35,0,0,1261_TMS901
8,2,,Inbound,,,6203,35,0,0,1262_TMS376
8,2,,Inbound,,,6204,35,0,0,1263_TMS1643
8,2,,Inbound,,,4404,35,0,0,1264_TMS377
9,2,,Outbound,,,1202,48,0,0,1265_TMS1746
9,2,,Outbound,,,1201,48,0,0,1266_TMS1747
9,2,,Outbound,,,1202,48,0,0,1267_TMS1748
9,2,,Outbound,,,1201,48,0,0,1268_TMS1749
9,2,,Outbound,,,1202,48,0,0,1269_TMS1750
2,1,,Inbound,,,4102,10,0,0,126_TMS1514
9,2,,Outbound,,,1201,48,0,0,1270_TMS1751
9,2,,Outbound,,,1202,48,0,0,1271_TMS1752
9,2,,Outbound,,,1201,48,0,0,1272_TMS1753
9,2,,Outbound,,,1202,48,0,0,1273_TMS1754
9,2,,Outbound,,,1201,48,0,0,1274_TMS1755
9,2,,Outbound,,,1202,48,0,0,1275_TMS1756
9,2,,Inbound,,,1201,27,0,0,1276_TMS1757
9,2,,Inbound,,,1202,27,0,0,1277_TMS1758
9,2,,Inbound,,,1201,27,0,0,1278_TMS1759
9,2,,Inbound,,,1202,27,0,0,1279_TMS1760
2,1,,Inbound,,,6605,10,0,0,127_TMS1515
9,2,,Inbound,,,1201,27,0,0,1280_TMS1761
9,2,,Inbound,,,1202,27,0,0,1281_TMS1762
9,2,,Inbound,,,1201,27,0,0,1282_TMS1763
9,2,,Inbound,,,1202,27,0,0,1283_TMS1764
9,2,,Inbound,,,1201,27,0,0,1284_TMS1765
9,2,,Inbound,,,1202,27,0,0,1285_TMS1766
9,2,,Inbound,,,1201,27,0,0,1286_TMS1767
9,2,,Inbound,,,1202,27,0,0,1287_TMS1768
10,2,,Outbound,,,6001,4,0,0,1288_TMS399
10,2,,Outbound,,,6002,4,0,0,1289_TMS400
2,1,,Inbound,,,4103,10,0,0,128_TMS1516
10,2,,Outbound,,,6003,4,0,0,1290_TMS401
10,2,,Outbound,,,6001,4,0,0,1291_TMS402
10,2,,Outbound,,,6002,4,0,0,1292_TMS403
10,2,,Outbound,,,6003,4,0,0,1293_TMS404
10,2,,Outbound,,,6001,4,0,0,1294_TMS405
10,2,,Outbound,,,6002,4,0,0,1295_TMS406
10,2,,Outbound,,,6003,4,0,0,1296_TMS407
10,2,,Outbound,,,6001,4,0,0,1297_TMS408
10,2,,Outbound,,,6002,4,0,0,1298_TMS409
10,2,,Inbound,,,6003,37,0,0,1299_TMS493
2,1,,Inbound,,,6601,10,0,0,129_TMS1517
1,1,,Outbound,,,1221,6,0,0,12_TMS1407
10,2,,Inbound,,,6001,37,0,0,1300_TMS494
10,2,,Inbound,,,6002,37,0,0,1301_TMS495
10,2,,Inbound,,,6003,37,0,0,1302_TMS496
10,2,,Inbound,,,6001,37,0,0,1303_TMS497
10,2,,Inbound,,,6002,37,0,0,1304_TMS498
10,2,,Inbound,,,6003,37,0,0,1305_TMS499
10,2,,Inbound,,,6001,37,0,0,1306_TMS500
10,2,,Inbound,,,6002,37,0,0,1307_TMS501
10,2,,Inbound,,,6003,37,0,0,1308_TMS502
10,2,,Inbound,,,6001,37,0,0,1309_TMS503
2,1,,Inbound,,,4104,10,0,0,130_TMS1518
10,2,,Inbound,,,6002,37,0,0,1310_TMS504
11,2,,Outbound,,,6605,5,0,0,1311_TMS2275
11,2,,Outbound,,,6601,5,0,0,1312_TMS2276
11,2,,Outbound,,,6602,5,0,0,1313_TMS2277
11,2,,Outbound,,,6603,5,0,0,1314_TMS2278
11,2,,Outbound,,,6604,5,0,0,1315_TMS2279
11,2,,Outbound,,,6605,5,0,0,1316_TMS2280
11,2,,Outbound,,,6601,5,0,0,1317_TMS2281
11,2,,Outbound,,,6602,5,0,0,1318_TMS2282
11,2,,Outbound,,,6603,5,0,0,1319_TMS2283
2,1,,Inbound,,,6602,10,0,0,131_TMS1519
11,2,,Outbound,,,6604,5,0,0,1320_TMS2284
11,2,,Outbound,,,6605,5,0,0,1321_TMS2285
11,2,,Outbound,,,6601,5,0,0,1322_TMS2286
11,2,,Outbound,,,6602,5,0,0,1323_TMS2287
11,2,,Outbound,,,6603,5,0,0,1324_TMS2288
11,2,,Outbound,,,6604,5,0,0,1325_TMS2289
11,2,,Outbound,,,6605,5,0,0,1326_TMS2290
11,2,,Outbound,,,6601,5,0,0,1327_TMS2291
11,2,,Outbound,,,6602,5,0,0,1328_TMS2292
11,2,,Outbound,,,6603,5,0,0,1329_TMS2293
2,1,,Inbound,,,4101,10,0,0,132_TMS1520
11,2,,Outbound,,,6604,5,0,0,1330_TMS2294
11,2,,Outbound,,,6605,5,0,0,1331_TMS2295
11,2,,Outbound,,,6601,5,0,0,1332_TMS2296
11,2,,Outbound,,,6602,5,0,0,1333_TMS2297
11,2,,Outbound,,,6603,5,0,0,1334_TMS2298
11,2,,Outbound,,,6604,5,0,0,1335_TMS2299
11,2,,Outbound,,,6605,5,0,0,1336_TMS2300
11,2,,Outbound,,,6604,5,0,0,1337_TMS2301
11,2,,Inbound,,,6604,16,0,0,1338_TMS2302
11,2,,Inbound,,,6605,16,0,0,1339_TMS2303
2,1,,Inbound,,,6603,10,0,0,133_TMS1521
11,2,,Inbound,,,6601,16,0,0,1340_TMS2304
11,2,,Inbound,,,6602,16,0,0,1341_TMS2305
11,2,,Inbound,,,6603,16,0,0,1342_TMS2306
11,2,,Inbound,,,6604,16,0,0,1343_TMS2307
11,2,,Inbound,,,6605,16,0,0,1344_TMS2308
11,2,,Inbound,,,6601,16,0,0,1345_TMS2309
11,2,,Inbound,,,6602,16,0,0,1346_TMS2310
11,2,,Inbound,,,6603,16,0,0,1347_TMS2311
11,2,,Inbound,,,6604,16,0,0,1348_TMS2312
11,2,,Inbound,,,6605,16,0,0,1349_TMS2313
2,1,,Inbound,,,4102,10,0,0,134_TMS1522
11,2,,Inbound,,,6601,16,0,0,1350_TMS2314
11,2,,Inbound,,,6602,16,0,0,1351_TMS2315
11,2,,Inbound,,,6603,16,0,0,1352_TMS2316
11,2,,Inbound,,,6604,16,0,0,1353_TMS2317
11,2,,Inbound,,,6605,16,0,0,1354_TMS2318
11,2,,Inbound,,,6601,16,0,0,1355_TMS2319
11,2,,Inbound,,,6602,16,0,0,1356_TMS2320
11,2,,Inbound,,,6603,16,0,0,1357_TMS2321
11,2,,Inbound,,,6604,16,0,0,1358_TMS2322
11,2,,Inbound,,,6605,16,0,0,1359_TMS2323
2,1,,Inbound,,,6604,10,0,0,135_TMS1523
11,2,,Inbound,,,6601,16,0,0,1360_TMS2324
11,2,,Inbound,,,6602,16,0,0,1361_TMS2325
11,2,,Inbound,,,6603,16,0,0,1362_TMS2326
11,2,,Inbound,,,6604,16,0,0,1363_TMS2327
11,2,,Inbound,,,6605,16,0,0,1364_TMS2328
12,2,,Outbound,,,6002,25,0,0,1365_TMS505
12,2,,Outbound,,,6003,25,0,0,1366_TMS506
12,2,,Outbound,,,6001,25,0,0,1367_TMS507
12,2,,Outbound,,,6002,25,0,0,1368_TMS508
12,2,,Outbound,,,6003,25,0,0,1369_TMS509
2,1,,Inbound,,,4103,10,0,0,136_TMS1524
12,2,,Outbound,,,6001,25,0,0,1370_TMS510
12,2,,Outbound,,,6002,25,0,0,1371_TMS511
12,2,,Outbound,,,6003,25,0,0,1372_TMS512
12,2,,Outbound,,,6001,25,0,0,1373_TMS513
12,2,,Outbound,,,6002,25,0,0,1374_TMS514
12,2,,Outbound,,,6003,25,0,0,1375_TMS515
12,2,,Inbound,,,6001,21,0,0,1376_TMS516
12,2,,Inbound,,,6002,21,0,0,1377_TMS517
12,2,,Inbound,,,6003,21,0,0,1378_TMS518
12,2,,Inbound,,,6001,21,0,0,1379_TMS519
2,1,,Inbound,,,6605,10,0,0,137_TMS1525
12,2,,Inbound,,,6002,21,0,0,1380_TMS520
12,2,,Inbound,,,6003,21,0,0,1381_TMS521
12,2,,Inbound,,,6001,21,0,0,1382_TMS522
12,2,,Inbound,,,6002,21,0,0,1383_TMS523
12,2,,Inbound,,,6003,21,0,0,1384_TMS524
12,2,,Inbound,,,6001,21,0,0,1385_TMS525
12,2,,Inbound,,,6002,21,0,0,1386_TMS526
12,2,,Inbound,,,6003,21,0,0,1387_TMS527
13,2,,Outbound,,,4404,66,0,0,1388_TMS410
13,2,,Outbound,,,4401,12,0,0,1389_TMS411
2,1,,Inbound,,,4104,10,0,0,138_TMS1526
13,2,,Outbound,,,4403,12,0,0,1390_TMS412
13,2,,Outbound,,,6201,12,0,0,1391_TMS2329
13,2,,Outbound,,,6202,12,0,0,1392_TMS2330
13,2,,Outbound,,,6203,12,0,0,1393_TMS2331
13,2,,Outbound,,,6204,12,0,0,1394_TMS2332
13,2,,Outbound,,,4405,12,0,0,1395_TMS2333
13,2,,Outbound,,,4401,12,0,0,1396_TMS2334
13,2,,Outbound,,,4402,12,0,0,1397_TMS2335
13,2,,Outbound,,,4403,12,0,0,1398_TMS2336
13,2,,Outbound,,,4404,12,0,0,1399_TMS2337
2,1,,Inbound,,,6601,10,0,0,139_TMS1527
1,1,,Outbound,,,1201,6,0,0,13_TMS1401
13,2,,Outbound,,,6201,12,0,0,1400_TMS2338
13,2,,Outbound,,,6202,12,0,0,1401_TMS2339
13,2,,Outbound,,,6203,12,0,0,1402_TMS2340
13,2,,Outbound,,,6204,12,0,0,1403_TMS2341
13,2,,Outbound,,,4405,12,0,0,1404_TMS2342
13,2,,Outbound,,,6201,12,0,0,1405_TMS420
13,2,,Outbound,,,6203,12,0,0,1406_TMS421
13,2,,Outbound,,,4404,12,0,0,1407_TMS422
13,2,,Inbound,,,4404,28,0,0,1408_TMS1002
13,2,,Inbound,,,4401,28,0,0,1409_TMS1003
2,1,,Inbound,,,4101,10,0,0,140_TMS1528
13,2,,Inbound,,,4403,28,0,0,1410_TMS1004
13,2,,Inbound,,,6201,28,0,0,1411_TMS2343
13,2,,Inbound,,,6202,28,0,0,1412_TMS2344
13,2,,Inbound,,,6203,28,0,0,1413_TMS2345
13,2,,Inbound,,,6204,28,0,0,1414_TMS2346
13,2,,Inbound,,,4405,28,0,0,1415_TMS2347
13,2,,Inbound,,,4401,28,0,0,1416_TMS2348
13,2,,Inbound,,,4402,28,0,0,1417_TMS2349
13,2,,Inbound,,,4403,28,0,0,1418_TMS2350
13,2,,Inbound,,,4404,28,0,0,1419_TMS2351
2,1,,Inbound,,,6602,10,0,0,141_TMS1529
13,2,,Inbound,,,6201,28,0,0,1420_TMS2352
13,2,,Inbound,,,6202,28,0,0,1421_TMS2353
13,2,,Inbound,,,6203,28,0,0,1422_TMS2354
13,2,,Inbound,,,6204,28,0,0,1423_TMS2355
13,2,,Inbound,,,6201,28,0,0,1424_TMS1012
13,2,,Inbound,,,6203,28,0,0,1425_TMS1013
13,2,,Inbound,,,4404,28,0,0,1426_TMS1014
14,2,,Outbound,,,4405,7,0,0,1427_TMS423
14,2,,Outbound,,,4402,7,0,0,1428_TMS424
14,2,,Outbound,,,4404,7,0,0,1429_TMS425
2,1,,Inbound,,,4102,10,0,0,142_TMS1530
14,2,,Outbound,,,4405,7,0,0,1430_TMS2356
14,2,,Outbound,,,4401,7,0,0,1431_TMS2357
14,2,,Outbound,,,4402,7,0,0,1432_TMS2358
14,2,,Outbound,,,4403,7,0,0,1433_TMS2359
14,2,,Outbound,,,4404,7,0,0,1434_TMS2360
14,2,,Outbound,,,6201,7,0,0,1435_TMS2361
14,2,,Outbound,,,6202,7,0,0,1436_TMS2362
14,2,,Outbound,,,6203,7,0,0,1437_TMS2363
14,2,,Outbound,,,6204,7,0,0,1438_TMS2364
14,2,,Outbound,,,4405,7,0,0,1439_TMS2365
2,1,,Inbound,,,6603,10,0,0,143_TMS1531
14,2,,Outbound,,,4401,7,0,0,1440_TMS2366
14,2,,Outbound,,,4402,7,0,0,1441_TMS2367
14,2,,Outbound,,,4403,7,0,0,1442_TMS2368
14,2,,Outbound,,,4404,7,0,0,1443_TMS432
14,2,,Outbound,,,6202,7,0,0,1444_TMS433
14,2,,Outbound,,,6204,7,0,0,1445_TMS434
14,2,,Outbound,,,6201,7,0,0,1446_TMS435
14,2,,Outbound,,,6203,7,0,0,1447_TMS436
14,2,,Outbound,,,4404,7,0,0,1448_TMS437
14,2,,Outbound,,,6403,7,0,0,1449_TMS1042
2,1,,Inbound,,,4103,10,0,0,144_TMS1532
14,2,,Inbound,,,4403,73,0,0,1450_TMS1902
14,2,,Inbound,,,4405,17,0,0,1451_TMS1043
14,2,,Inbound,,,4402,17,0,0,1452_TMS1044
14,2,,Inbound,,,4404,17,0,0,1453_TMS1045
14,2,,Inbound,,,4405,17,0,0,1454_TMS2369
14,2,,Inbound,,,4401,17,0,0,1455_TMS2370
14,2,,Inbound,,,4402,17,0,0,1456_TMS2371
14,2,,Inbound,,,4403,17,0,0,1457_TMS2372
14,2,,Inbound,,,4404,17,0,0,1458_TMS2373
14,2,,Inbound,,,6201,17,0,0,1459_TMS2374
2,1,,Inbound,,,6604,10,0,0,145_TMS1533
14,2,,Inbound,,,6202,17,0,0,1460_TMS2375
14,2,,Inbound,,,6203,17,0,0,1461_TMS2376
14,2,,Inbound,,,6204,17,0,0,1462_TMS2377
14,2,,Inbound,,,4405,17,0,0,1463_TMS2378
14,2,,Inbound,,,4401,17,0,0,1464_TMS2379
14,2,,Inbound,,,4402,17,0,0,1465_TMS2380
14,2,,Inbound,,,4403,17,0,0,1466_TMS2381
14,2,,Inbound,,,4404,17,0,0,1467_TMS1052
14,2,,Inbound,,,6202,17,0,0,1468_TMS1053
14,2,,Inbound,,,6204,17,0,0,1469_TMS1054
2,1,,Inbound,,,6605,10,0,0,146_TMS1534
14,2,,Inbound,,,6201,17,0,0,1470_TMS1055
15,2,,Outbound,,,6402,47,0,0,1471_TMS1089
15,2,,Outbound,,,6403,47,0,0,1472_TMS1090
15,2,,Outbound,,,6401,47,0,0,1473_TMS1091
15,2,,Outbound,,,6402,47,0,0,1474_TMS1092
15,2,,Outbound,,,6403,47,0,0,1475_TMS1093
15,2,,Outbound,,,6401,47,0,0,1476_TMS1094
15,2,,Outbound,,,6402,47,0,0,1477_TMS1095
15,2,,Outbound,,,6403,47,0,0,1478_TMS1096
15,2,,Outbound,,,6401,47,0,0,1479_TMS1097
2,1,,Inbound,,,6601,10,0,0,147_TMS1535
15,2,,Outbound,,,6402,47,0,0,1480_TMS1098
15,2,,Outbound,,,6403,47,0,0,1481_TMS1099
15,2,,Outbound,,,6401,47,0,0,1482_TMS1100
15,2,,Inbound,,,6401,30,0,0,1483_TMS1927
15,2,,Inbound,,,6402,30,0,0,1484_TMS1928
15,2,,Inbound,,,6403,30,0,0,1485_TMS1929
15,2,,Inbound,,,6401,30,0,0,1486_TMS1930
15,2,,Inbound,,,6402,30,0,0,1487_TMS1931
15,2,,Inbound,,,6403,30,0,0,1488_TMS1932
15,2,,Inbound,,,6401,30,0,0,1489_TMS1933
2,1,,Inbound,,,6602,10,0,0,148_TMS1536
15,2,,Inbound,,,6402,30,0,0,1490_TMS1934
15,2,,Inbound,,,6403,30,0,0,1491_TMS1935
15,2,,Inbound,,,6401,30,0,0,1492_TMS1936
15,2,,Inbound,,,6402,30,0,0,1493_TMS1937
15,2,,Inbound,,,6403,30,0,0,1494_TMS1938
15,2,,Inbound,,,6401,30,0,0,1495_TMS1939
16,2,,Outbound,,,6602,36,0,0,1496_TMS542
16,2,,Outbound,,,6603,36,0,0,1497_TMS543
16,2,,Outbound,,,6604,36,0,0,1498_TMS544
16,2,,Outbound,,,6605,36,0,0,1499_TMS545
2,1,,Inbound,,,6603,10,0,0,149_TMS1537
1,1,,Outbound,,,1222,6,0,0,14_TMS1408
16,2,,Outbound,,,6601,36,0,0,1500_TMS546
16,2,,Outbound,,,6602,36,0,0,1501_TMS547
16,2,,Outbound,,,6603,36,0,0,1502_TMS548
16,2,,Outbound,,,6604,36,0,0,1503_TMS549
16,2,,Outbound,,,6605,36,0,0,1504_TMS550
16,2,,Outbound,,,6601,36,0,0,1505_TMS551
16,2,,Outbound,,,6602,36,0,0,1506_TMS552
16,2,,Outbound,,,6603,36,0,0,1507_TMS553
16,2,,Outbound,,,6604,36,0,0,1508_TMS554
16,2,,Outbound,,,6605,36,0,0,1509_TMS555
5,1,,Outbound,,,6011,3,0,0,150_TMS1668
16,2,,Outbound,,,6601,36,0,0,1510_TMS556
16,2,,Outbound,,,6602,36,0,0,1511_TMS557
16,2,,Outbound,,,6603,36,0,0,1512_TMS558
16,2,,Outbound,,,6604,36,0,0,1513_TMS559
16,2,,Outbound,,,6605,36,0,0,1514_TMS560
16,2,,Outbound,,,6601,36,0,0,1515_TMS561
16,2,,Outbound,,,6602,36,0,0,1516_TMS562
16,2,,Outbound,,,6603,36,0,0,1517_TMS563
16,2,,Outbound,,,6604,36,0,0,1518_TMS564
16,2,,Outbound,,,6605,36,0,0,1519_TMS565
5,1,,Outbound,,,6002,3,0,0,151_TMS1669
16,2,,Outbound,,,6601,36,0,0,1520_TMS566
16,2,,Outbound,,,6603,36,0,0,1521_TMS567
16,2,,Outbound,,,6603,36,0,0,1522_TMS568
16,2,,Inbound,,,6601,34,0,0,1523_TMS1134
16,2,,Inbound,,,6602,34,0,0,1524_TMS1135
16,2,,Inbound,,,6603,34,0,0,1525_TMS1136
16,2,,Inbound,,,6604,34,0,0,1526_TMS1137
16,2,,Inbound,,,6605,34,0,0,1527_TMS1138
16,2,,Inbound,,,6601,34,0,0,1528_TMS1139
16,2,,Inbound,,,6602,34,0,0,1529_TMS1140
5,1,,Outbound,,,6012,3,0,0,152_TMS1670
16,2,,Inbound,,,6603,34,0,0,1530_TMS1141
16,2,,Inbound,,,6604,34,0,0,1531_TMS1142
16,2,,Inbound,,,6605,34,0,0,1532_TMS1143
16,2,,Inbound,,,6601,34,0,0,1533_TMS1144
16,2,,Inbound,,,6602,34,0,0,1534_TMS1145
16,2,,Inbound,,,6603,34,0,0,1535_TMS1146
16,2,,Inbound,,,6604,34,0,0,1536_TMS1147
16,2,,Inbound,,,6605,34,0,0,1537_TMS1148
16,2,,Inbound,,,6601,34,0,0,1538_TMS1149
16,2,,Inbound,,,6602,34,0,0,1539_TMS1150
5,1,,Outbound,,,6001,3,0,0,153_TMS1671
16,2,,Inbound,,,6603,34,0,0,1540_TMS1151
16,2,,Inbound,,,6604,34,0,0,1541_TMS1152
16,2,,Inbound,,,6605,34,0,0,1542_TMS1153
16,2,,Inbound,,,6601,34,0,0,1543_TMS1154
16,2,,Inbound,,,6602,34,0,0,1544_TMS1155
16,2,,Inbound,,,6603,34,0,0,1545_TMS1156
16,2,,Inbound,,,6604,34,0,0,1546_TMS1157
16,2,,Inbound,,,6605,34,0,0,1547_TMS1158
16,2,,Inbound,,,6601,68,0,0,1548_TMS1159
16,2,,Inbound,,,6603,68,0,0,1549_TMS1160
5,1,,Outbound,,,6011,3,0,0,154_TMS1672
16,2,,Inbound,,,6603,70,0,0,1550_TMS1161
17,2,,Outbound,,,6701,20,0,0,1551_TMS1991
17,2,,Outbound,,,6701,20,0,0,1552_TMS1992
17,2,,Outbound,,,6701,20,0,0,1553_TMS1993
17,2,,Outbound,,,6701,20,0,0,1554_TMS1994
17,2,,Outbound,,,6701,20,0,0,1555_TMS1995
17,2,,Outbound,,,6701,20,0,0,1556_TMS1996
17,2,,Outbound,,,6701,20,0,0,1557_TMS1997
17,2,,Outbound,,,6701,20,0,0,1558_TMS1998
17,2,,Outbound,,,6701,20,0,0,1559_TMS1999
5,1,,Outbound,,,6002,3,0,0,155_TMS1673
17,2,,Outbound,,,6701,20,0,0,1560_TMS2000
17,2,,Outbound,,,6701,20,0,0,1561_TMS2001
17,2,,Inbound,,,6701,32,0,0,1562_TMS2002
17,2,,Inbound,,,6701,32,0,0,1563_TMS2003
17,2,,Inbound,,,6701,32,0,0,1564_TMS2004
17,2,,Inbound,,,6701,32,0,0,1565_TMS2005
17,2,,Inbound,,,6701,32,0,0,1566_TMS2006
17,2,,Inbound,,,6701,32,0,0,1567_TMS2007
17,2,,Inbound,,,6701,32,0,0,1568_TMS2008
17,2,,Inbound,,,6701,32,0,0,1569_TMS2009
5,1,,Outbound,,,6001,3,0,0,156_TMS1674
17,2,,Inbound,,,6701,32,0,0,1570_TMS2010
17,2,,Inbound,,,6701,32,0,0,1571_TMS2011
17,2,,Inbound,,,6701,32,0,0,1572_TMS2012
18,2,,Outbound,,,6801,50,0,0,1573_TMS1228
18,2,,Outbound,,,6802,50,0,0,1574_TMS1229
18,2,,Outbound,,,6801,50,0,0,1575_TMS1230
18,2,,Outbound,,,6802,50,0,0,1576_TMS1231
18,2,,Outbound,,,6801,50,0,0,1577_TMS1232
18,2,,Outbound,,,6802,50,0,0,1578_TMS1233
18,2,,Outbound,,,6801,50,0,0,1579_TMS1234
5,1,,Outbound,,,6002,3,0,0,157_TMS1675
18,2,,Outbound,,,6802,50,0,0,1580_TMS1235
18,2,,Outbound,,,6801,50,0,0,1581_TMS1236
18,2,,Outbound,,,6802,50,0,0,1582_TMS1237
18,2,,Outbound,,,6801,50,0,0,1583_TMS1238
18,2,,Outbound,,,6802,50,0,0,1584_TMS2015
18,2,,Inbound,,,6802,24,0,0,1585_TMS1239
18,2,,Inbound,,,6801,24,0,0,1586_TMS1240
18,2,,Inbound,,,6802,24,0,0,1587_TMS1241
18,2,,Inbound,,,6801,24,0,0,1588_TMS1242
18,2,,Inbound,,,6802,24,0,0,1589_TMS1243
5,1,,Outbound,,,6001,3,0,0,158_TMS1676
18,2,,Inbound,,,6801,24,0,0,1590_TMS1244
18,2,,Inbound,,,6802,24,0,0,1591_TMS1245
18,2,,Inbound,,,6801,24,0,0,1592_TMS1246
18,2,,Inbound,,,6802,24,0,0,1593_TMS1247
18,2,,Inbound,,,6801,24,0,0,1594_TMS1248
18,2,,Inbound,,,6802,24,0,0,1595_TMS1249
18,2,,Inbound,,,6801,24,0,0,1596_TMS2114
20,2,,Outbound,,,9401,71,0,0,1597_TMS2050
20,2,,Outbound,,,9402,39,0,0,1598_TMS2051
20,2,,Outbound,,,9401,39,0,0,1599_TMS2056
5,1,,Outbound,,,6002,3,0,0,159_TMS1677
1,1,,Outbound,,,1202,6,0,0,15_TMS1402
20,2,,Outbound,,,9402,39,0,0,1600_TMS2052
20,2,,Outbound,,,9401,39,0,0,1601_TMS2057
20,2,,Outbound,,,9402,39,0,0,1602_TMS2053
20,2,,Outbound,,,9401,39,0,0,1603_TMS2058
20,2,,Outbound,,,9402,39,0,0,1604_TMS2054
20,2,,Outbound,,,9401,39,0,0,1605_TMS2059
20,2,,Outbound,,,9402,39,0,0,1606_TMS2055
20,2,,Outbound,,,9401,39,0,0,1607_TMS2060
20,2,,Inbound,,,9401,0,0,0,1608_TMS2061
20,2,,Inbound,,,9402,0,0,0,1609_TMS2067
5,1,,Outbound,,,6001,3,0,0,160_TMS1678
20,2,,Inbound,,,9401,0,0,0,1610_TMS2062
20,2,,Inbound,,,9402,0,0,0,1611_TMS2068
20,2,,Inbound,,,9401,0,0,0,1612_TMS2063
20,2,,Inbound,,,9402,0,0,0,1613_TMS2069
20,2,,Inbound,,,9401,0,0,0,1614_TMS2064
20,2,,Inbound,,,9402,0,0,0,1615_TMS2070
20,2,,Inbound,,,9401,0,0,0,1616_TMS2065
20,2,,Inbound,,,9402,0,0,0,1617_TMS2071
20,2,,Inbound,,,9401,0,0,0,1618_TMS2066
23,2,,Outbound,,,9901,52,0,0,1619_TMS2089
5,1,,Outbound,,,6022,3,0,0,161_TMS1685
23,2,,Outbound,,,9902,52,0,0,1620_TMS2094
23,2,,Outbound,,,9901,52,0,0,1621_TMS2090
23,2,,Outbound,,,9902,52,0,0,1622_TMS2095
23,2,,Outbound,,,9901,52,0,0,1623_TMS2091
23,2,,Outbound,,,9902,52,0,0,1624_TMS2096
23,2,,Outbound,,,9901,52,0,0,1625_TMS2092
23,2,,Outbound,,,9902,52,0,0,1626_TMS2097
23,2,,Outbound,,,9901,52,0,0,1627_TMS2093
23,2,,Inbound,,,9901,2,0,0,1628_TMS621
23,2,,Inbound,,,9902,2,0,0,1629_TMS1356
5,1,,Outbound,,,6002,3,0,0,162_TMS1679
23,2,,Inbound,,,9901,2,0,0,1630_TMS622
23,2,,Inbound,,,9902,2,0,0,1631_TMS1357
23,2,,Inbound,,,9901,2,0,0,1632_TMS623
23,2,,Inbound,,,9902,2,0,0,1633_TMS1358
23,2,,Inbound,,,9901,2,0,0,1634_TMS624
23,2,,Inbound,,,9902,2,0,0,1635_TMS1359
23,2,,Inbound,,,9901,2,0,0,1636_TMS625
29,2,,Outbound,,,4301,15,0,0,1637_TMS2136
29,2,,Outbound,,,4301,15,0,0,1638_TMS2137
29,2,,Outbound,,,4301,15,0,0,1639_TMS2138
5,1,,Outbound,,,6021,3,0,0,163_TMS1686
29,2,,Outbound,,,4301,15,0,0,1640_TMS2139
29,2,,Outbound,,,4301,15,0,0,1641_TMS2140
29,2,,Outbound,,,4301,15,0,0,1642_TMS2141
29,2,,Outbound,,,4301,15,0,0,1643_TMS2142
29,2,,Outbound,,,4301,15,0,0,1644_TMS2143
29,2,,Outbound,,,4301,15,0,0,1645_TMS2144
29,2,,Outbound,,,4301,15,0,0,1646_TMS2145
29,2,,Inbound,,,4301,45,0,0,1647_TMS2146
29,2,,Inbound,,,4301,45,0,0,1648_TMS2147
29,2,,Inbound,,,4301,45,0,0,1649_TMS2148
5,1,,Outbound,,,6001,3,0,0,164_TMS1680
29,2,,Inbound,,,4301,45,0,0,1650_TMS2149
29,2,,Inbound,,,4301,45,0,0,1651_TMS2150
29,2,,Inbound,,,4301,45,0,0,1652_TMS2151
29,2,,Inbound,,,4301,45,0,0,1653_TMS2152
29,2,,Inbound,,,4301,45,0,0,1654_TMS2153
29,2,,Inbound,,,4301,45,0,0,1655_TMS2154
29,2,,Inbound,,,4301,45,0,0,1656_TMS2155
29,2,,Inbound,,,4301,45,0,0,1657_TMS2156
35,2,,Outbound,,,1011,31,0,0,1658_TMS1298
35,2,,Outbound,,,1012,31,0,0,1659_TMS1251
5,1,,Outbound,,,6022,3,0,0,165_TMS1687
35,2,,Outbound,,,1011,31,0,0,1660_TMS1252
35,2,,Outbound,,,1012,31,0,0,1661_TMS1253
35,2,,Outbound,,,1011,31,0,0,1662_TMS1254
35,2,,Outbound,,,1012,31,0,0,1663_TMS1255
35,2,,Outbound,,,1011,31,0,0,1664_TMS1256
35,2,,Outbound,,,1012,31,0,0,1665_TMS1257
35,2,,Outbound,,,1011,31,0,0,1666_TMS1258
35,2,,Outbound,,,1012,31,0,0,1667_TMS1259
35,2,,Outbound,,,1011,31,0,0,1668_TMS1260
35,2,,Outbound,,,1012,31,0,0,1669_TMS1261
5,1,,Outbound,,,6002,3,0,0,166_TMS1681
35,2,,Outbound,,,1011,31,0,0,1670_TMS1262
35,2,,Outbound,,,1012,31,0,0,1671_TMS1263
35,2,,Outbound,,,1011,31,0,0,1672_TMS1264
35,2,,Outbound,,,1012,31,0,0,1673_TMS1265
35,2,,Outbound,,,1011,31,0,0,1674_TMS1266
35,2,,Outbound,,,1012,31,0,0,1675_TMS1267
35,2,,Outbound,,,1011,31,0,0,1676_TMS1268
35,2,,Outbound,,,1012,31,0,0,1677_TMS1269
35,2,,Outbound,,,1011,31,0,0,1678_TMS1270
35,2,,Outbound,,,1012,31,0,0,1679_TMS1271
5,1,,Outbound,,,6021,3,0,0,167_TMS1688
35,2,,Outbound,,,1011,31,0,0,1680_TMS1272
35,2,,Outbound,,,1012,31,0,0,1681_TMS1273
35,2,,Outbound,,,1011,31,0,0,1682_TMS1274
35,2,,Outbound,,,1012,31,0,0,1683_TMS1275
35,2,,Outbound,,,1011,31,0,0,1684_TMS1276
35,2,,Outbound,,,1012,31,0,0,1685_TMS1277
35,2,,Outbound,,,1011,31,0,0,1686_TMS1278
35,2,,Outbound,,,1012,31,0,0,1687_TMS1279
35,2,,Outbound,,,1011,31,0,0,1688_TMS1280
35,2,,Outbound,,,1012,31,0,0,1689_TMS1281
5,1,,Outbound,,,6001,3,0,0,168_TMS1682
35,2,,Outbound,,,1011,31,0,0,1690_TMS1282
35,2,,Outbound,,,1012,31,0,0,1691_TMS1283
35,2,,Outbound,,,1011,31,0,0,1692_TMS1284
35,2,,Outbound,,,1012,31,0,0,1693_TMS1285
35,2,,Outbound,,,1011,31,0,0,1694_TMS1286
35,2,,Outbound,,,1012,31,0,0,1695_TMS1287
35,2,,Outbound,,,1011,31,0,0,1696_TMS1288
35,2,,Outbound,,,1012,31,0,0,1697_TMS1289
35,2,,Outbound,,,1011,31,0,0,1698_TMS1290
35,2,,Outbound,,,1012,31,0,0,1699_TMS1291
5,1,,Outbound,,,6002,3,0,0,169_TMS1683
1,1,,Outbound,,,1221,6,0,0,16_TMS1409
35,2,,Outbound,,,1011,31,0,0,1700_TMS1292
35,2,,Outbound,,,1012,31,0,0,1701_TMS1293
35,2,,Outbound,,,1011,31,0,0,1702_TMS1294
35,2,,Outbound,,,1012,31,0,0,1703_TMS1295
35,2,,Outbound,,,1011,31,0,0,1704_TMS1296
35,2,,Outbound,,,1012,31,0,0,1705_TMS1297
35,2,,Inbound,,,1011,23,0,0,1706_TMS1345
35,2,,Inbound,,,1012,23,0,0,1707_TMS1346
35,2,,Inbound,,,1011,23,0,0,1708_TMS1299
35,2,,Inbound,,,1012,23,0,0,1709_TMS1300
5,1,,Outbound,,,6001,3,0,0,170_TMS1684
35,2,,Inbound,,,1011,23,0,0,1710_TMS1301
35,2,,Inbound,,,1012,23,0,0,1711_TMS1302
35,2,,Inbound,,,1011,23,0,0,1712_TMS1303
35,2,,Inbound,,,1012,23,0,0,1713_TMS1304
35,2,,Inbound,,,1011,23,0,0,1714_TMS1305
35,2,,Inbound,,,1012,23,0,0,1715_TMS1306
35,2,,Inbound,,,1011,23,0,0,1716_TMS1307
35,2,,Inbound,,,1012,23,0,0,1717_TMS1308
35,2,,Inbound,,,1011,23,0,0,1718_TMS1309
35,2,,Inbound,,,1012,23,0,0,1719_TMS1310
5,1,,Inbound,,,6011,41,0,0,171_TMS1689
35,2,,Inbound,,,1011,23,0,0,1720_TMS1311
35,2,,Inbound,,,1012,23,0,0,1721_TMS1312
35,2,,Inbound,,,1011,23,0,0,1722_TMS1313
35,2,,Inbound,,,1012,23,0,0,1723_TMS1314
35,2,,Inbound,,,1011,23,0,0,1724_TMS1315
35,2,,Inbound,,,1012,23,0,0,1725_TMS1316
35,2,,Inbound,,,1011,23,0,0,1726_TMS1317
35,2,,Inbound,,,1012,23,0,0,1727_TMS1318
35,2,,Inbound,,,1011,23,0,0,1728_TMS1319
35,2,,Inbound,,,1012,23,0,0,1729_TMS1320
5,1,,Inbound,,,6002,41,0,0,172_TMS1690
35,2,,Inbound,,,1011,23,0,0,1730_TMS1321
35,2,,Inbound,,,1012,23,0,0,1731_TMS1322
35,2,,Inbound,,,1011,23,0,0,1732_TMS1323
35,2,,Inbound,,,1012,23,0,0,1733_TMS1324
35,2,,Inbound,,,1011,23,0,0,1734_TMS1325
35,2,,Inbound,,,1012,23,0,0,1735_TMS1326
35,2,,Inbound,,,1011,23,0,0,1736_TMS1327
35,2,,Inbound,,,1012,23,0,0,1737_TMS1328
35,2,,Inbound,,,1011,23,0,0,1738_TMS1329
35,2,,Inbound,,,1012,23,0,0,1739_TMS1330
5,1,,Inbound,,,6012,41,0,0,173_TMS1691
35,2,,Inbound,,,1011,23,0,0,1740_TMS1331
35,2,,Inbound,,,1012,23,0,0,1741_TMS1332
35,2,,Inbound,,,1011,23,0,0,1742_TMS1333
35,2,,Inbound,,,1012,23,0,0,1743_TMS1334
35,2,,Inbound,,,1011,23,0,0,1744_TMS1335
35,2,,Inbound,,,1012,23,0,0,1745_TMS1336
35,2,,Inbound,,,1011,23,0,0,1746_TMS1337
35,2,,Inbound,,,1012,23,0,0,1747_TMS1338
35,2,,Inbound,,,1011,23,0,0,1748_TMS1339
35,2,,Inbound,,,1012,23,0,0,1749_TMS1340
5,1,,Inbound,,,6001,41,0,0,174_TMS1692
35,2,,Inbound,,,1011,23,0,0,1750_TMS1341
35,2,,Inbound,,,1012,23,0,0,1751_TMS1342
35,2,,Inbound,,,1011,23,0,0,1752_TMS1343
35,2,,Inbound,,,1012,23,0,0,1753_TMS1344
36,2,,Outbound,,,4131,55,0,0,1754_TMS2105
36,2,,Outbound,,,4131,55,0,0,1755_TMS2106
36,2,,Outbound,,,4131,55,0,0,1756_TMS2107
36,2,,Outbound,,,4131,55,0,0,1757_TMS2121
36,2,,Inbound,,,4101,60,0,0,1758_TMS2108
36,2,,Inbound,,,4131,40,0,0,1759_TMS2109
5,1,,Inbound,,,6011,41,0,0,175_TMS1693
36,2,,Inbound,,,4131,40,0,0,1760_TMS2110
36,2,,Inbound,,,4131,40,0,0,1761_TMS2120
1,3,,Outbound,,,6401,6,0,0,1762_TMS233
1,3,,Outbound,,,6402,6,0,0,1763_TMS234
1,3,,Outbound,,,6403,6,0,0,1764_TMS235
1,3,,Outbound,,,6401,6,0,0,1765_TMS236
1,3,,Outbound,,,6402,6,0,0,1766_TMS237
1,3,,Outbound,,,6403,6,0,0,1767_TMS238
1,3,,Outbound,,,6401,6,0,0,1768_TMS239
1,3,,Outbound,,,6402,6,0,0,1769_TMS240
5,1,,Inbound,,,6002,41,0,0,176_TMS1694
1,3,,Outbound,,,6403,6,0,0,1770_TMS241
1,3,,Outbound,,,6401,6,0,0,1771_TMS242
1,3,,Outbound,,,6402,6,0,0,1772_TMS844
1,3,,Inbound,,,1201,19,0,0,1773_TMS1451
1,3,,Inbound,,,1201,19,0,0,1774_TMS1452
1,3,,Inbound,,,1201,19,0,0,1775_TMS1453
1,3,,Inbound,,,1201,19,0,0,1776_TMS1454
1,3,,Inbound,,,1201,19,0,0,1777_TMS1455
1,3,,Inbound,,,1201,19,0,0,1778_TMS1456
1,3,,Inbound,,,1201,19,0,0,1779_TMS1457
5,1,,Inbound,,,6001,41,0,0,177_TMS1695
1,3,,Inbound,,,1201,19,0,0,1780_TMS1458
1,3,,Inbound,,,1201,19,0,0,1781_TMS1459
1,3,,Inbound,,,1201,19,0,0,1782_TMS1460
1,3,,Inbound,,,1201,19,0,0,1783_TMS1461
1,3,,Inbound,,,1201,19,0,0,1784_TMS1462
2,3,,Outbound,,,1201,1,0,0,1785_TMS243
2,3,,Outbound,,,1201,1,0,0,1786_TMS244
2,3,,Outbound,,,1201,1,0,0,1787_TMS245
2,3,,Outbound,,,1201,1,0,0,1788_TMS246
2,3,,Outbound,,,1201,1,0,0,1789_TMS247
5,1,,Inbound,,,6002,41,0,0,178_TMS1696
2,3,,Outbound,,,1201,1,0,0,1790_TMS248
2,3,,Outbound,,,1201,1,0,0,1791_TMS249
2,3,,Outbound,,,1201,1,0,0,1792_TMS250
2,3,,Outbound,,,1201,1,0,0,1793_TMS251
2,3,,Outbound,,,1201,1,0,0,1794_TMS252
2,3,,Outbound,,,1201,1,0,0,1795_TMS253
2,3,,Outbound,,,1201,1,0,0,1796_TMS845
2,3,,Inbound,,,6403,10,0,0,1797_TMS1550
2,3,,Inbound,,,6401,10,0,0,1798_TMS1551
2,3,,Inbound,,,6402,10,0,0,1799_TMS1552
5,1,,Inbound,,,6001,41,0,0,179_TMS1697
1,1,,Outbound,,,1201,6,0,0,17_TMS1403
2,3,,Inbound,,,6403,10,0,0,1800_TMS1553
2,3,,Inbound,,,6401,10,0,0,1801_TMS1554
2,3,,Inbound,,,6402,10,0,0,1802_TMS1555
2,3,,Inbound,,,6403,10,0,0,1803_TMS1556
2,3,,Inbound,,,6401,10,0,0,1804_TMS1557
2,3,,Inbound,,,6402,10,0,0,1805_TMS1558
2,3,,Inbound,,,6403,10,0,0,1806_TMS1559
2,3,,Inbound,,,6401,10,0,0,1807_TMS1560
2,3,,Inbound,,,6402,10,0,0,1808_TMS1561
5,3,,Outbound,,,6003,3,0,0,1809_TMS1562
5,1,,Inbound,,,6002,41,0,0,180_TMS1698
5,3,,Outbound,,,6001,3,0,0,1810_TMS1563
5,3,,Outbound,,,6002,3,0,0,1811_TMS1564
5,3,,Outbound,,,6003,3,0,0,1812_TMS1565
5,3,,Outbound,,,6001,3,0,0,1813_TMS1566
5,3,,Outbound,,,6002,3,0,0,1814_TMS1567
5,3,,Outbound,,,6003,3,0,0,1815_TMS1568
5,3,,Outbound,,,6001,3,0,0,1816_TMS1569
5,3,,Outbound,,,6002,3,0,0,1817_TMS1570
5,3,,Outbound,,,6003,3,0,0,1818_TMS1571
5,3,,Outbound,,,6001,3,0,0,1819_TMS1572
5,1,,Inbound,,,6001,41,0,0,181_TMS1699
5,3,,Outbound,,,6002,3,0,0,1820_TMS1573
5,3,,Inbound,,,6003,41,0,0,1821_TMS1574
5,3,,Inbound,,,6001,41,0,0,1822_TMS1575
5,3,,Inbound,,,6002,41,0,0,1823_TMS1576
5,3,,Inbound,,,6003,41,0,0,1824_TMS1577
5,3,,Inbound,,,6001,41,0,0,1825_TMS1578
5,3,,Inbound,,,6002,41,0,0,1826_TMS1579
5,3,,Inbound,,,6003,41,0,0,1827_TMS1580
5,3,,Inbound,,,6001,41,0,0,1828_TMS1581
5,3,,Inbound,,,6002,41,0,0,1829_TMS1582
5,1,,Inbound,,,6022,41,0,0,182_TMS1706
5,3,,Inbound,,,6003,41,0,0,1830_TMS1583
5,3,,Inbound,,,6001,41,0,0,1831_TMS1584
5,3,,Inbound,,,6002,41,0,0,1832_TMS1585
7,3,,Outbound,,,4102,9,0,0,1833_TMS309
7,3,,Outbound,,,4101,9,0,0,1834_TMS310
7,3,,Outbound,,,4102,9,0,0,1835_TMS311
7,3,,Outbound,,,4101,9,0,0,1836_TMS312
7,3,,Outbound,,,4102,9,0,0,1837_TMS313
7,3,,Outbound,,,4101,9,0,0,1838_TMS314
7,3,,Outbound,,,4102,9,0,0,1839_TMS315
5,1,,Inbound,,,6002,41,0,0,183_TMS1700
7,3,,Outbound,,,4101,9,0,0,1840_TMS316
7,3,,Outbound,,,4102,9,0,0,1841_TMS317
7,3,,Outbound,,,4101,9,0,0,1842_TMS318
7,3,,Outbound,,,4102,9,0,0,1843_TMS319
7,3,,Outbound,,,4101,9,0,0,1844_TMS320
7,3,,Outbound,,,4102,9,0,0,1845_TMS321
7,3,,Outbound,,,4101,9,0,0,1846_TMS322
7,3,,Outbound,,,4102,9,0,0,1847_TMS323
7,3,,Outbound,,,4101,9,0,0,1848_TMS324
7,3,,Outbound,,,4102,9,0,0,1849_TMS325
5,1,,Inbound,,,6021,41,0,0,184_TMS1707
7,3,,Outbound,,,4101,9,0,0,1850_TMS326
7,3,,Outbound,,,4102,9,0,0,1851_TMS327
7,3,,Outbound,,,4101,9,0,0,1852_TMS328
7,3,,Outbound,,,4102,9,0,0,1853_TMS846
7,3,,Outbound,,,4101,9,0,0,1854_TMS847
7,3,,Outbound,,,4102,9,0,0,1855_TMS848
7,3,,Inbound,,,4101,42,0,0,1856_TMS329
7,3,,Inbound,,,4102,42,0,0,1857_TMS330
7,3,,Inbound,,,4101,42,0,0,1858_TMS331
7,3,,Inbound,,,4102,42,0,0,1859_TMS332
5,1,,Inbound,,,6001,41,0,0,185_TMS1701
7,3,,Inbound,,,4101,42,0,0,1860_TMS333
7,3,,Inbound,,,4102,42,0,0,1861_TMS334
7,3,,Inbound,,,4101,42,0,0,1862_TMS335
7,3,,Inbound,,,4102,42,0,0,1863_TMS336
7,3,,Inbound,,,4101,42,0,0,1864_TMS337
7,3,,Inbound,,,4102,42,0,0,1865_TMS338
7,3,,Inbound,,,4101,42,0,0,1866_TMS339
7,3,,Inbound,,,4102,42,0,0,1867_TMS340
7,3,,Inbound,,,4101,42,0,0,1868_TMS341
7,3,,Inbound,,,4102,42,0,0,1869_TMS342
5,1,,Inbound,,,6022,41,0,0,186_TMS1708
7,3,,Inbound,,,4101,42,0,0,1870_TMS343
7,3,,Inbound,,,4102,42,0,0,1871_TMS344
7,3,,Inbound,,,4101,42,0,0,1872_TMS345
7,3,,Inbound,,,4102,42,0,0,1873_TMS346
7,3,,Inbound,,,4101,42,0,0,1874_TMS347
7,3,,Inbound,,,4102,42,0,0,1875_TMS348
7,3,,Inbound,,,4101,42,0,0,1876_TMS349
7,3,,Inbound,,,4102,42,0,0,1877_TMS849
7,3,,Inbound,,,4101,42,0,0,1878_TMS850
7,3,,Inbound,,,4102,42,0,0,1879_TMS851
5,1,,Inbound,,,6002,41,0,0,187_TMS1702
8,3,,Outbound,,,4401,29,0,0,1880_TMS902
8,3,,Outbound,,,4402,29,0,0,1881_TMS378
8,3,,Outbound,,,4403,29,0,0,1882_TMS379
8,3,,Outbound,,,4404,29,0,0,1883_TMS380
8,3,,Outbound,,,4401,29,0,0,1884_TMS381
8,3,,Outbound,,,4402,29,0,0,1885_TMS382
8,3,,Outbound,,,4403,29,0,0,1886_TMS383
8,3,,Outbound,,,4404,29,0,0,1887_TMS384
8,3,,Outbound,,,4401,29,0,0,1888_TMS385
8,3,,Outbound,,,4402,29,0,0,1889_TMS386
5,1,,Inbound,,,6021,41,0,0,188_TMS1709
8,3,,Outbound,,,4403,29,0,0,1890_TMS387
8,3,,Outbound,,,4404,29,0,0,1891_TMS903
8,3,,Inbound,,,4401,35,0,0,1892_TMS388
8,3,,Inbound,,,4402,35,0,0,1893_TMS389
8,3,,Inbound,,,4403,35,0,0,1894_TMS390
8,3,,Inbound,,,4404,35,0,0,1895_TMS391
8,3,,Inbound,,,4401,35,0,0,1896_TMS392
8,3,,Inbound,,,4402,35,0,0,1897_TMS393
8,3,,Inbound,,,4403,35,0,0,1898_TMS394
8,3,,Inbound,,,4404,35,0,0,1899_TMS395
5,1,,Inbound,,,6001,41,0,0,189_TMS1703
1,1,,Outbound,,,1202,6,0,0,18_TMS1410
8,3,,Inbound,,,4401,35,0,0,1900_TMS396
8,3,,Inbound,,,4402,35,0,0,1901_TMS397
8,3,,Inbound,,,4403,35,0,0,1902_TMS398
8,3,,Inbound,,,4404,35,0,0,1903_TMS904
10,3,,Outbound,,,6001,4,0,0,1904_TMS1769
10,3,,Outbound,,,6002,4,0,0,1905_TMS1770
10,3,,Outbound,,,6003,4,0,0,1906_TMS1771
10,3,,Outbound,,,6001,4,0,0,1907_TMS1772
10,3,,Outbound,,,6002,4,0,0,1908_TMS1773
10,3,,Outbound,,,6003,4,0,0,1909_TMS1774
5,1,,Inbound,,,6002,41,0,0,190_TMS1704
10,3,,Outbound,,,6001,4,0,0,1910_TMS1775
10,3,,Outbound,,,6002,4,0,0,1911_TMS1776
10,3,,Outbound,,,6003,4,0,0,1912_TMS1777
10,3,,Outbound,,,6001,4,0,0,1913_TMS1778
10,3,,Outbound,,,6002,4,0,0,1914_TMS1779
10,3,,Inbound,,,6003,37,0,0,1915_TMS1780
10,3,,Inbound,,,6001,37,0,0,1916_TMS1781
10,3,,Inbound,,,6002,37,0,0,1917_TMS1782
10,3,,Inbound,,,6003,37,0,0,1918_TMS1783
10,3,,Inbound,,,6001,37,0,0,1919_TMS1784
5,1,,Inbound,,,6001,41,0,0,191_TMS1705
10,3,,Inbound,,,6002,37,0,0,1920_TMS1785
10,3,,Inbound,,,6003,37,0,0,1921_TMS1786
10,3,,Inbound,,,6001,37,0,0,1922_TMS1787
10,3,,Inbound,,,6002,37,0,0,1923_TMS1788
10,3,,Inbound,,,6003,37,0,0,1924_TMS1789
10,3,,Inbound,,,6001,37,0,0,1925_TMS1790
10,3,,Inbound,,,6002,37,0,0,1926_TMS1791
12,3,,Outbound,,,6002,25,0,0,1927_TMS1830
12,3,,Outbound,,,6003,25,0,0,1928_TMS1831
12,3,,Outbound,,,6001,25,0,0,1929_TMS1832
7,1,,Outbound,,,4102,9,0,0,192_TMS29
12,3,,Outbound,,,6002,25,0,0,1930_TMS1833
12,3,,Outbound,,,6003,25,0,0,1931_TMS1834
12,3,,Outbound,,,6001,25,0,0,1932_TMS1835
12,3,,Outbound,,,6002,25,0,0,1933_TMS1836
12,3,,Outbound,,,6003,25,0,0,1934_TMS1837
12,3,,Outbound,,,6001,25,0,0,1935_TMS1838
12,3,,Outbound,,,6002,25,0,0,1936_TMS1839
12,3,,Outbound,,,6003,25,0,0,1937_TMS1840
12,3,,Inbound,,,6002,21,0,0,1938_TMS1841
12,3,,Inbound,,,6003,21,0,0,1939_TMS1842
7,1,,Outbound,,,4103,9,0,0,193_TMS30
12,3,,Inbound,,,6001,21,0,0,1940_TMS1843
12,3,,Inbound,,,6002,21,0,0,1941_TMS1844
12,3,,Inbound,,,6003,21,0,0,1942_TMS1845
12,3,,Inbound,,,6001,21,0,0,1943_TMS1846
12,3,,Inbound,,,6002,21,0,0,1944_TMS1847
12,3,,Inbound,,,6003,21,0,0,1945_TMS1848
12,3,,Inbound,,,6001,21,0,0,1946_TMS1849
12,3,,Inbound,,,6002,21,0,0,1947_TMS1850
12,3,,Inbound,,,6003,21,0,0,1948_TMS1851
13,3,,Outbound,,,4402,66,0,0,1949_TMS1858
7,1,,Outbound,,,4104,9,0,0,194_TMS31
13,3,,Outbound,,,4403,12,0,0,1950_TMS1859
13,3,,Outbound,,,4404,12,0,0,1951_TMS1860
13,3,,Outbound,,,4401,12,0,0,1952_TMS1861
13,3,,Outbound,,,4402,12,0,0,1953_TMS1862
13,3,,Outbound,,,4403,12,0,0,1954_TMS1863
13,3,,Outbound,,,4404,12,0,0,1955_TMS1864
13,3,,Outbound,,,4401,12,0,0,1956_TMS1865
13,3,,Outbound,,,4402,12,0,0,1957_TMS1866
13,3,,Outbound,,,4403,12,0,0,1958_TMS1867
13,3,,Outbound,,,4404,12,0,0,1959_TMS1868
7,1,,Outbound,,,4101,9,0,0,195_TMS32
13,3,,Outbound,,,4401,12,0,0,1960_TMS1869
13,3,,Outbound,,,4402,12,0,0,1961_TMS1870
13,3,,Inbound,,,4402,28,0,0,1962_TMS1871
13,3,,Inbound,,,4403,28,0,0,1963_TMS1872
13,3,,Inbound,,,4404,28,0,0,1964_TMS1873
13,3,,Inbound,,,4401,28,0,0,1965_TMS1874
13,3,,Inbound,,,4402,28,0,0,1966_TMS1875
13,3,,Inbound,,,4403,28,0,0,1967_TMS1876
13,3,,Inbound,,,4404,28,0,0,1968_TMS1877
13,3,,Inbound,,,4401,28,0,0,1969_TMS1878
7,1,,Outbound,,,4112,9,0,0,196_TMS2123
13,3,,Inbound,,,4402,28,0,0,1970_TMS1879
13,3,,Inbound,,,4403,28,0,0,1971_TMS1880
13,3,,Inbound,,,4404,28,0,0,1972_TMS1881
13,3,,Inbound,,,4401,28,0,0,1973_TMS1882
14,3,,Outbound,,,4404,7,0,0,1974_TMS438
14,3,,Outbound,,,4401,7,0,0,1975_TMS439
14,3,,Outbound,,,4402,7,0,0,1976_TMS440
14,3,,Outbound,,,4403,7,0,0,1977_TMS441
14,3,,Outbound,,,4404,7,0,0,1978_TMS442
14,3,,Outbound,,,4401,7,0,0,1979_TMS443
7,1,,Outbound,,,4102,9,0,0,197_TMS33
14,3,,Outbound,,,4402,7,0,0,1980_TMS444
14,3,,Outbound,,,4403,7,0,0,1981_TMS445
14,3,,Outbound,,,4404,7,0,0,1982_TMS446
14,3,,Outbound,,,4401,7,0,0,1983_TMS447
14,3,,Outbound,,,4402,7,0,0,1984_TMS448
14,3,,Outbound,,,4403,7,0,0,1985_TMS1056
14,3,,Inbound,,,4404,17,0,0,1986_TMS1057
14,3,,Inbound,,,4401,17,0,0,1987_TMS1058
14,3,,Inbound,,,4402,17,0,0,1988_TMS1059
14,3,,Inbound,,,4403,17,0,0,1989_TMS1060
7,1,,Outbound,,,4111,9,0,0,198_TMS220
14,3,,Inbound,,,4404,17,0,0,1990_TMS1061
14,3,,Inbound,,,4401,17,0,0,1991_TMS1062
14,3,,Inbound,,,4402,17,0,0,1992_TMS1063
14,3,,Inbound,,,4403,17,0,0,1993_TMS1064
14,3,,Inbound,,,4404,17,0,0,1994_TMS1065
14,3,,Inbound,,,4401,17,0,0,1995_TMS1066
14,3,,Inbound,,,4402,17,0,0,1996_TMS1067
14,3,,Inbound,,,4403,17,0,0,1997_TMS1068
15,3,,Outbound,,,6402,26,0,0,1998_TMS1951
15,3,,Outbound,,,6403,47,0,0,1999_TMS1940
7,1,,Outbound,,,4103,9,0,0,199_TMS34
1,1,,Outbound,,,1201,6,0,0,19_TMS1411
1,1,,Outbound,,,1202,6,0,0,1_TMS1392
15,3,,Outbound,,,6401,47,0,0,2000_TMS1941
15,3,,Outbound,,,6402,47,0,0,2001_TMS1942
15,3,,Outbound,,,6403,47,0,0,2002_TMS1943
15,3,,Outbound,,,6401,47,0,0,2003_TMS1944
15,3,,Outbound,,,6402,47,0,0,2004_TMS1945
15,3,,Outbound,,,6403,47,0,0,2005_TMS1946
15,3,,Outbound,,,6401,47,0,0,2006_TMS1947
15,3,,Outbound,,,6402,47,0,0,2007_TMS1948
15,3,,Outbound,,,6403,47,0,0,2008_TMS1949
15,3,,Outbound,,,6401,47,0,0,2009_TMS1950
7,1,,Outbound,,,4112,9,0,0,200_TMS2124
15,3,,Inbound,,,6401,62,0,0,2010_TMS1963
15,3,,Inbound,,,6402,30,0,0,2011_TMS1952
15,3,,Inbound,,,6403,30,0,0,2012_TMS1953
15,3,,Inbound,,,6401,30,0,0,2013_TMS1954
15,3,,Inbound,,,6402,30,0,0,2014_TMS1955
15,3,,Inbound,,,6403,30,0,0,2015_TMS1956
15,3,,Inbound,,,6401,30,0,0,2016_TMS1957
15,3,,Inbound,,,6402,30,0,0,2017_TMS1958
15,3,,Inbound,,,6403,30,0,0,2018_TMS1959
15,3,,Inbound,,,6401,30,0,0,2019_TMS1960
7,1,,Outbound,,,4104,9,0,0,201_TMS35
15,3,,Inbound,,,6402,30,0,0,2020_TMS1961
15,3,,Inbound,,,6403,30,0,0,2021_TMS1962
16,3,,Outbound,,,6603,36,0,0,2022_TMS569
16,3,,Outbound,,,6604,36,0,0,2023_TMS570
16,3,,Outbound,,,6601,36,0,0,2024_TMS571
16,3,,Outbound,,,6602,36,0,0,2025_TMS572
16,3,,Outbound,,,6603,36,0,0,2026_TMS573
16,3,,Outbound,,,6604,36,0,0,2027_TMS574
16,3,,Outbound,,,6601,36,0,0,2028_TMS575
16,3,,Outbound,,,6602,36,0,0,2029_TMS576
7,1,,Outbound,,,4111,9,0,0,202_TMS1589
16,3,,Outbound,,,6603,36,0,0,2030_TMS577
16,3,,Outbound,,,6604,36,0,0,2031_TMS578
16,3,,Outbound,,,6601,36,0,0,2032_TMS579
16,3,,Outbound,,,6602,36,0,0,2033_TMS580
16,3,,Outbound,,,6603,36,0,0,2034_TMS581
16,3,,Outbound,,,6604,36,0,0,2035_TMS582
16,3,,Outbound,,,6601,36,0,0,2036_TMS583
16,3,,Outbound,,,6602,36,0,0,2037_TMS584
16,3,,Outbound,,,6603,36,0,0,2038_TMS585
16,3,,Outbound,,,6604,36,0,0,2039_TMS586
7,1,,Outbound,,,4101,9,0,0,203_TMS36
16,3,,Outbound,,,6601,36,0,0,2040_TMS587
16,3,,Outbound,,,6602,36,0,0,2041_TMS588
16,3,,Outbound,,,6603,36,0,0,2042_TMS589
16,3,,Outbound,,,6604,36,0,0,2043_TMS1162
16,3,,Outbound,,,6601,36,0,0,2044_TMS1163
16,3,,Inbound,,,6601,34,0,0,2045_TMS1164
16,3,,Inbound,,,6602,34,0,0,2046_TMS1165
16,3,,Inbound,,,6603,34,0,0,2047_TMS1166
16,3,,Inbound,,,6604,34,0,0,2048_TMS1167
16,3,,Inbound,,,6601,34,0,0,2049_TMS1168
7,1,,Outbound,,,4102,9,0,0,204_TMS37
16,3,,Inbound,,,6602,34,0,0,2050_TMS1169
16,3,,Inbound,,,6603,34,0,0,2051_TMS1170
16,3,,Inbound,,,6604,34,0,0,2052_TMS1171
16,3,,Inbound,,,6601,34,0,0,2053_TMS1172
16,3,,Inbound,,,6602,34,0,0,2054_TMS1173
16,3,,Inbound,,,6603,34,0,0,2055_TMS1174
16,3,,Inbound,,,6604,34,0,0,2056_TMS1175
16,3,,Inbound,,,6601,34,0,0,2057_TMS1176
16,3,,Inbound,,,6602,34,0,0,2058_TMS1177
16,3,,Inbound,,,6603,34,0,0,2059_TMS1178
7,1,,Outbound,,,4103,9,0,0,205_TMS38
16,3,,Inbound,,,6604,34,0,0,2060_TMS1179
16,3,,Inbound,,,6601,34,0,0,2061_TMS1180
16,3,,Inbound,,,6602,34,0,0,2062_TMS1181
16,3,,Inbound,,,6603,34,0,0,2063_TMS1182
16,3,,Inbound,,,6604,34,0,0,2064_TMS1183
16,3,,Inbound,,,6601,34,0,0,2065_TMS1184
16,3,,Inbound,,,6602,34,0,0,2066_TMS1185
16,3,,Inbound,,,6603,34,0,0,2067_TMS1186
16,3,,Inbound,,,6604,34,0,0,2068_TMS1187
16,3,,Inbound,,,6601,74,0,0,2069_TMS2122
7,1,,Outbound,,,4104,9,0,0,206_TMS39
18,3,,Outbound,,,6801,50,0,0,2070_TMS2157
18,3,,Outbound,,,6802,50,0,0,2071_TMS2158
18,3,,Outbound,,,6801,50,0,0,2072_TMS2159
18,3,,Outbound,,,6802,50,0,0,2073_TMS2160
18,3,,Outbound,,,6801,50,0,0,2074_TMS2161
18,3,,Outbound,,,6802,50,0,0,2075_TMS2162
18,3,,Outbound,,,6801,50,0,0,2076_TMS2163
18,3,,Outbound,,,6802,50,0,0,2077_TMS2164
18,3,,Outbound,,,6801,50,0,0,2078_TMS2165
18,3,,Outbound,,,6802,50,0,0,2079_TMS2166
7,1,,Outbound,,,4101,9,0,0,207_TMS40
18,3,,Outbound,,,6801,50,0,0,2080_TMS2167
18,3,,Outbound,,,6802,50,0,0,2081_TMS2168
18,3,,Inbound,,,6802,24,0,0,2082_TMS2382
18,3,,Inbound,,,6801,24,0,0,2083_TMS2383
18,3,,Inbound,,,6802,24,0,0,2084_TMS2384
18,3,,Inbound,,,6801,24,0,0,2085_TMS2385
18,3,,Inbound,,,6802,24,0,0,2086_TMS2386
18,3,,Inbound,,,6801,24,0,0,2087_TMS2387
18,3,,Inbound,,,6802,24,0,0,2088_TMS2388
18,3,,Inbound,,,6801,24,0,0,2089_TMS2389
7,1,,Outbound,,,4102,9,0,0,208_TMS41
18,3,,Inbound,,,6802,24,0,0,2090_TMS2390
18,3,,Inbound,,,6801,24,0,0,2091_TMS2391
18,3,,Inbound,,,6802,24,0,0,2092_TMS2392
18,3,,Inbound,,,6801,24,0,0,2093_TMS2393
20,3,,Outbound,,,9401,71,0,0,2094_TMS2072
20,3,,Outbound,,,9401,39,0,0,2095_TMS2073
20,3,,Outbound,,,9401,39,0,0,2096_TMS2074
20,3,,Outbound,,,9401,39,0,0,2097_TMS2075
20,3,,Outbound,,,9401,39,0,0,2098_TMS2076
20,3,,Outbound,,,9401,39,0,0,2099_TMS2077
7,1,,Outbound,,,4103,9,0,0,209_TMS42
1,1,,Inbound,,,1212,51,0,0,20_TMS1412
20,3,,Inbound,,,9401,0,0,0,2100_TMS2078
20,3,,Inbound,,,9401,0,0,0,2101_TMS2079
20,3,,Inbound,,,9401,0,0,0,2102_TMS2080
20,3,,Inbound,,,9401,0,0,0,2103_TMS2081
20,3,,Inbound,,,9401,0,0,0,2104_TMS2082
20,3,,Inbound,,,9401,0,0,0,2105_TMS2083
23,3,,Outbound,,,9901,52,0,0,2106_TMS2084
23,3,,Outbound,,,9902,52,0,0,2107_TMS2169
23,3,,Outbound,,,9901,52,0,0,2108_TMS2085
23,3,,Outbound,,,9902,52,0,0,2109_TMS2170
7,1,,Outbound,,,4104,9,0,0,210_TMS43
23,3,,Outbound,,,9901,52,0,0,2110_TMS2086
23,3,,Outbound,,,9902,52,0,0,2111_TMS2171
23,3,,Outbound,,,9901,52,0,0,2112_TMS2087
23,3,,Outbound,,,9902,52,0,0,2113_TMS2172
23,3,,Outbound,,,9901,52,0,0,2114_TMS2088
23,3,,Inbound,,,9901,2,0,0,2115_TMS590
23,3,,Inbound,,,9902,2,0,0,2116_TMS2394
23,3,,Inbound,,,9901,2,0,0,2117_TMS591
23,3,,Inbound,,,9902,2,0,0,2118_TMS2395
23,3,,Inbound,,,9901,2,0,0,2119_TMS592
7,1,,Outbound,,,4101,9,0,0,211_TMS44
23,3,,Inbound,,,9902,2,0,0,2120_TMS2396
23,3,,Inbound,,,9901,2,0,0,2121_TMS593
23,3,,Inbound,,,9902,2,0,0,2122_TMS2397
23,3,,Inbound,,,9901,2,0,0,2123_TMS1250
33,3,,Outbound,,,6601,53,0,0,2124_TMS687
33,3,,Outbound,,,6602,53,0,0,2125_TMS688
33,3,,Outbound,,,6603,53,0,0,2126_TMS689
33,3,,Outbound,,,6604,53,0,0,2127_TMS690
33,3,,Outbound,,,6601,53,0,0,2128_TMS691
33,3,,Outbound,,,6602,53,0,0,2129_TMS692
7,1,,Outbound,,,4102,9,0,0,212_TMS45
33,3,,Outbound,,,6603,53,0,0,2130_TMS693
33,3,,Outbound,,,6604,53,0,0,2131_TMS694
33,3,,Outbound,,,6601,53,0,0,2132_TMS695
33,3,,Outbound,,,6602,53,0,0,2133_TMS696
33,3,,Outbound,,,6603,53,0,0,2134_TMS697
33,3,,Outbound,,,6604,53,0,0,2135_TMS698
33,3,,Outbound,,,6601,53,0,0,2136_TMS699
33,3,,Outbound,,,6602,53,0,0,2137_TMS700
33,3,,Outbound,,,6603,53,0,0,2138_TMS701
33,3,,Outbound,,,6604,53,0,0,2139_TMS702
7,1,,Outbound,,,4103,9,0,0,213_TMS46
33,3,,Outbound,,,6601,53,0,0,2140_TMS703
33,3,,Outbound,,,6602,53,0,0,2141_TMS704
33,3,,Outbound,,,6603,53,0,0,2142_TMS705
33,3,,Outbound,,,6604,53,0,0,2143_TMS706
33,3,,Outbound,,,6601,53,0,0,2144_TMS707
33,3,,Outbound,,,6602,53,0,0,2145_TMS958
33,3,,Outbound,,,6603,53,0,0,2146_TMS959
33,3,,Inbound,,,6601,18,0,0,2147_TMS708
33,3,,Inbound,,,6602,18,0,0,2148_TMS709
33,3,,Inbound,,,6603,18,0,0,2149_TMS710
7,1,,Outbound,,,4104,9,0,0,214_TMS47
33,3,,Inbound,,,6604,18,0,0,2150_TMS711
33,3,,Inbound,,,6601,18,0,0,2151_TMS712
33,3,,Inbound,,,6602,18,0,0,2152_TMS713
33,3,,Inbound,,,6603,18,0,0,2153_TMS714
33,3,,Inbound,,,6604,18,0,0,2154_TMS715
33,3,,Inbound,,,6601,18,0,0,2155_TMS716
33,3,,Inbound,,,6602,18,0,0,2156_TMS717
33,3,,Inbound,,,6603,18,0,0,2157_TMS718
33,3,,Inbound,,,6604,18,0,0,2158_TMS719
33,3,,Inbound,,,6601,18,0,0,2159_TMS720
7,1,,Outbound,,,4101,9,0,0,215_TMS48
33,3,,Inbound,,,6602,18,0,0,2160_TMS721
33,3,,Inbound,,,6603,18,0,0,2161_TMS722
33,3,,Inbound,,,6604,18,0,0,2162_TMS723
33,3,,Inbound,,,6601,18,0,0,2163_TMS724
33,3,,Inbound,,,6602,18,0,0,2164_TMS725
33,3,,Inbound,,,6603,18,0,0,2165_TMS726
33,3,,Inbound,,,6604,18,0,0,2166_TMS727
33,3,,Inbound,,,6601,18,0,0,2167_TMS960
33,3,,Inbound,,,6602,18,0,0,2168_TMS961
33,3,,Inbound,,,6603,18,0,0,2169_TMS962
7,1,,Outbound,,,4121,9,0,0,216_TMS1590
36,3,,Outbound,,,4131,55,0,0,2170_TMS2111
36,3,,Outbound,,,4131,55,0,0,2171_TMS2112
36,3,,Outbound,,,4131,55,0,0,2172_TMS2113
36,3,,Inbound,,,4131,40,0,0,2173_TMS2115
36,3,,Inbound,,,4131,40,0,0,2174_TMS2116
36,3,,Inbound,,,4131,40,0,0,2175_TMS2117
7,1,,Outbound,,,4102,9,0,0,217_TMS49
7,1,,Outbound,,,4122,9,0,0,218_TMS1591
7,1,,Outbound,,,4103,9,0,0,219_TMS50
1,1,,Inbound,,,1201,51,0,0,21_TMS1413
7,1,,Outbound,,,4121,9,0,0,220_TMS1592
7,1,,Outbound,,,4104,9,0,0,221_TMS51
7,1,,Outbound,,,4122,9,0,0,222_TMS1593
7,1,,Outbound,,,4101,9,0,0,223_TMS52
7,1,,Outbound,,,4102,9,0,0,224_TMS53
7,1,,Outbound,,,4101,9,0,0,225_TMS54
7,1,,Outbound,,,4102,9,0,0,226_TMS55
7,1,,Outbound,,,4101,9,0,0,227_TMS56
7,1,,Outbound,,,4102,9,0,0,228_TMS57
7,1,,Outbound,,,4101,9,0,0,229_TMS58
1,1,,Inbound,,,1211,51,0,0,22_TMS1414
7,1,,Outbound,,,4102,9,0,0,230_TMS1586
7,1,,Outbound,,,4101,9,0,0,231_TMS59
7,1,,Outbound,,,4102,9,0,0,232_TMS1587
7,1,,Outbound,,,4101,9,0,0,233_TMS60
7,1,,Outbound,,,4102,9,0,0,234_TMS1588
7,1,,Outbound,,,4101,9,0,0,235_TMS61
7,1,,Inbound,,,4101,42,0,0,236_TMS62
7,1,,Inbound,,,4102,42,0,0,237_TMS63
7,1,,Inbound,,,4103,42,0,0,238_TMS64
7,1,,Inbound,,,4104,42,0,0,239_TMS65
1,1,,Inbound,,,1202,51,0,0,23_TMS1415
7,1,,Inbound,,,4101,42,0,0,240_TMS66
7,1,,Inbound,,,4112,42,0,0,241_TMS2125
7,1,,Inbound,,,4102,42,0,0,242_TMS67
7,1,,Inbound,,,4111,42,0,0,243_TMS1597
7,1,,Inbound,,,4103,42,0,0,244_TMS68
7,1,,Inbound,,,4104,42,0,0,245_TMS69
7,1,,Inbound,,,4101,42,0,0,246_TMS70
7,1,,Inbound,,,4102,42,0,0,247_TMS71
7,1,,Inbound,,,4103,42,0,0,248_TMS72
7,1,,Inbound,,,4104,42,0,0,249_TMS73
1,1,,Inbound,,,1212,51,0,0,24_TMS1416
7,1,,Inbound,,,4101,42,0,0,250_TMS74
7,1,,Inbound,,,4102,42,0,0,251_TMS75
7,1,,Inbound,,,4103,42,0,0,252_TMS76
7,1,,Inbound,,,4104,42,0,0,253_TMS77
7,1,,Inbound,,,4101,42,0,0,254_TMS78
7,1,,Inbound,,,4102,42,0,0,255_TMS79
7,1,,Inbound,,,4103,42,0,0,256_TMS80
7,1,,Inbound,,,4121,42,0,0,257_TMS1598
7,1,,Inbound,,,4104,42,0,0,258_TMS81
7,1,,Inbound,,,4122,42,0,0,259_TMS1599
1,1,,Inbound,,,1201,51,0,0,25_TMS1417
7,1,,Inbound,,,4101,42,0,0,260_TMS82
7,1,,Inbound,,,4121,42,0,0,261_TMS1600
7,1,,Inbound,,,4102,42,0,0,262_TMS83
7,1,,Inbound,,,4122,42,0,0,263_TMS1601
7,1,,Inbound,,,4103,42,0,0,264_TMS84
7,1,,Inbound,,,4121,42,0,0,265_TMS1602
7,1,,Inbound,,,4104,42,0,0,266_TMS85
7,1,,Inbound,,,4122,42,0,0,267_TMS1603
7,1,,Inbound,,,4101,42,0,0,268_TMS86
7,1,,Inbound,,,4102,42,0,0,269_TMS87
1,1,,Inbound,,,1211,51,0,0,26_TMS1418
7,1,,Inbound,,,4101,42,0,0,270_TMS88
7,1,,Inbound,,,4102,42,0,0,271_TMS89
7,1,,Inbound,,,4101,42,0,0,272_TMS90
7,1,,Inbound,,,4102,42,0,0,273_TMS91
7,1,,Inbound,,,4101,42,0,0,274_TMS92
7,1,,Inbound,,,4102,42,0,0,275_TMS1594
7,1,,Inbound,,,4101,42,0,0,276_TMS93
7,1,,Inbound,,,4102,42,0,0,277_TMS1595
7,1,,Inbound,,,4101,42,0,0,278_TMS94
7,1,,Inbound,,,4102,42,0,0,279_TMS1596
1,1,,Inbound,,,1202,51,0,0,27_TMS1419
8,1,,Outbound,,,4405,29,0,0,280_TMS95
8,1,,Outbound,,,4401,29,0,0,281_TMS96
8,1,,Outbound,,,4402,29,0,0,282_TMS97
8,1,,Outbound,,,4403,29,0,0,283_TMS98
8,1,,Outbound,,,4404,29,0,0,284_TMS99
8,1,,Outbound,,,4405,29,0,0,285_TMS100
8,1,,Outbound,,,4406,29,0,0,286_TMS101
8,1,,Outbound,,,4407,29,0,0,287_TMS102
8,1,,Outbound,,,6201,29,0,0,288_TMS103
8,1,,Outbound,,,6202,29,0,0,289_TMS104
1,1,,Inbound,,,1201,51,0,0,28_TMS1420
8,1,,Outbound,,,6203,29,0,0,290_TMS105
8,1,,Outbound,,,6204,29,0,0,291_TMS106
8,1,,Outbound,,,4401,29,0,0,292_TMS107
8,1,,Outbound,,,4402,29,0,0,293_TMS108
8,1,,Outbound,,,4403,29,0,0,294_TMS109
8,1,,Outbound,,,4404,29,0,0,295_TMS110
8,1,,Outbound,,,4405,29,0,0,296_TMS111
8,1,,Outbound,,,4406,29,0,0,297_TMS112
8,1,,Outbound,,,4407,29,0,0,298_TMS113
8,1,,Outbound,,,6201,29,0,0,299_TMS114
1,1,,Inbound,,,1202,51,0,0,29_TMS1421
1,1,,Outbound,,,1212,6,0,0,2_TMS1405
8,1,,Outbound,,,6202,29,0,0,300_TMS115
8,1,,Outbound,,,6203,29,0,0,301_TMS116
8,1,,Outbound,,,6204,29,0,0,302_TMS117
8,1,,Outbound,,,4401,29,0,0,303_TMS118
8,1,,Outbound,,,4402,29,0,0,304_TMS119
8,1,,Outbound,,,4403,29,0,0,305_TMS120
8,1,,Outbound,,,4404,29,0,0,306_TMS121
8,1,,Outbound,,,6204,29,0,0,307_TMS122
8,1,,Outbound,,,4401,29,0,0,308_TMS123
8,1,,Outbound,,,4402,29,0,0,309_TMS1640
1,1,,Inbound,,,1201,51,0,0,30_TMS1422
8,1,,Outbound,,,4403,29,0,0,310_TMS124
8,1,,Inbound,,,4403,35,0,0,311_TMS125
8,1,,Inbound,,,4404,35,0,0,312_TMS126
8,1,,Inbound,,,4405,35,0,0,313_TMS127
8,1,,Inbound,,,4401,35,0,0,314_TMS128
8,1,,Inbound,,,4402,35,0,0,315_TMS129
8,1,,Inbound,,,4403,35,0,0,316_TMS130
8,1,,Inbound,,,4404,35,0,0,317_TMS131
8,1,,Inbound,,,4405,35,0,0,318_TMS132
8,1,,Inbound,,,4406,35,0,0,319_TMS133
1,1,,Inbound,,,1202,51,0,0,31_TMS1423
8,1,,Inbound,,,4407,35,0,0,320_TMS134
8,1,,Inbound,,,6201,35,0,0,321_TMS135
8,1,,Inbound,,,6202,35,0,0,322_TMS136
8,1,,Inbound,,,6203,35,0,0,323_TMS137
8,1,,Inbound,,,6204,35,0,0,324_TMS138
8,1,,Inbound,,,4401,35,0,0,325_TMS139
8,1,,Inbound,,,4402,35,0,0,326_TMS140
8,1,,Inbound,,,4403,35,0,0,327_TMS141
8,1,,Inbound,,,4404,35,0,0,328_TMS142
8,1,,Inbound,,,4405,35,0,0,329_TMS143
1,1,,Inbound,,,1201,51,0,0,32_TMS1424
8,1,,Inbound,,,4406,35,0,0,330_TMS144
8,1,,Inbound,,,4407,35,0,0,331_TMS145
8,1,,Inbound,,,6201,35,0,0,332_TMS146
8,1,,Inbound,,,6202,35,0,0,333_TMS147
8,1,,Inbound,,,6203,35,0,0,334_TMS148
8,1,,Inbound,,,6204,35,0,0,335_TMS149
8,1,,Inbound,,,4401,35,0,0,336_TMS150
8,1,,Inbound,,,4402,35,0,0,337_TMS151
8,1,,Inbound,,,4403,35,0,0,338_TMS152
8,1,,Inbound,,,4404,35,0,0,339_TMS153
1,1,,Inbound,,,1202,51,0,0,33_TMS1425
8,1,,Inbound,,,6204,35,0,0,340_TMS154
8,1,,Inbound,,,4401,35,0,0,341_TMS155
8,1,,Inbound,,,4402,35,0,0,342_TMS1641
8,1,,Inbound,,,4403,35,0,0,343_TMS156
9,1,,Outbound,,,1212,48,0,0,344_TMS1723
9,1,,Outbound,,,1201,48,0,0,345_TMS1710
9,1,,Outbound,,,1211,48,0,0,346_TMS1724
9,1,,Outbound,,,1202,48,0,0,347_TMS1711
9,1,,Outbound,,,1201,48,0,0,348_TMS1712
9,1,,Outbound,,,1202,48,0,0,349_TMS1713
1,1,,Inbound,,,1221,51,0,0,34_TMS1426
9,1,,Outbound,,,1201,48,0,0,350_TMS1714
9,1,,Outbound,,,1202,48,0,0,351_TMS1715
9,1,,Outbound,,,1201,48,0,0,352_TMS1716
9,1,,Outbound,,,1202,48,0,0,353_TMS1717
9,1,,Outbound,,,1201,48,0,0,354_TMS1718
9,1,,Outbound,,,1202,48,0,0,355_TMS1719
9,1,,Outbound,,,1221,48,0,0,356_TMS1725
9,1,,Outbound,,,1201,48,0,0,357_TMS1720
9,1,,Outbound,,,1222,48,0,0,358_TMS1726
9,1,,Outbound,,,1202,48,0,0,359_TMS1721
1,1,,Inbound,,,1201,51,0,0,35_TMS1427
9,1,,Outbound,,,1201,48,0,0,360_TMS1722
9,1,,Inbound,,,1202,8,0,0,361_TMS1727
9,1,,Inbound,,,1212,8,0,0,362_TMS1741
9,1,,Inbound,,,1201,8,0,0,363_TMS1728
9,1,,Inbound,,,1211,8,0,0,364_TMS1742
9,1,,Inbound,,,1202,8,0,0,365_TMS1729
9,1,,Inbound,,,1201,8,0,0,366_TMS1730
9,1,,Inbound,,,1202,8,0,0,367_TMS1731
9,1,,Inbound,,,1201,8,0,0,368_TMS1732
9,1,,Inbound,,,1202,8,0,0,369_TMS1733
1,1,,Inbound,,,1222,51,0,0,36_TMS1428
9,1,,Inbound,,,1201,8,0,0,370_TMS1734
9,1,,Inbound,,,1202,8,0,0,371_TMS1735
9,1,,Inbound,,,1201,8,0,0,372_TMS1736
9,1,,Inbound,,,1222,8,0,0,373_TMS1743
9,1,,Inbound,,,1202,8,0,0,374_TMS1737
9,1,,Inbound,,,1221,8,0,0,375_TMS1744
9,1,,Inbound,,,1201,8,0,0,376_TMS1738
9,1,,Inbound,,,1222,8,0,0,377_TMS1745
9,1,,Inbound,,,1202,8,0,0,378_TMS1739
9,1,,Inbound,,,1201,8,0,0,379_TMS1740
1,1,,Inbound,,,1202,51,0,0,37_TMS1429
10,1,,Outbound,,,6803,4,0,0,380_TMS905
10,1,,Outbound,,,6811,4,0,0,381_TMS906
10,1,,Outbound,,,6801,4,0,0,382_TMS907
10,1,,Outbound,,,6812,4,0,0,383_TMS908
10,1,,Outbound,,,6802,4,0,0,384_TMS909
10,1,,Outbound,,,6804,4,0,0,385_TMS910
10,1,,Outbound,,,6803,4,0,0,386_TMS911
10,1,,Outbound,,,6804,4,0,0,387_TMS912
10,1,,Outbound,,,6801,4,0,0,388_TMS913
10,1,,Outbound,,,6804,4,0,0,389_TMS914
1,1,,Inbound,,,1221,51,0,0,38_TMS1430
10,1,,Outbound,,,6802,4,0,0,390_TMS915
10,1,,Outbound,,,6804,4,0,0,391_TMS916
10,1,,Outbound,,,6803,4,0,0,392_TMS917
10,1,,Outbound,,,6804,4,0,0,393_TMS918
10,1,,Outbound,,,6801,4,0,0,394_TMS919
10,1,,Outbound,,,6804,4,0,0,395_TMS920
10,1,,Outbound,,,6802,4,0,0,396_TMS921
10,1,,Outbound,,,6804,4,0,0,397_TMS922
10,1,,Outbound,,,6803,4,0,0,398_TMS923
10,1,,Outbound,,,6822,4,0,0,399_TMS924
1,1,,Inbound,,,1201,51,0,0,39_TMS1431
1,1,,Outbound,,,1201,6,0,0,3_TMS1393
10,1,,Outbound,,,6801,4,0,0,400_TMS925
10,1,,Outbound,,,6821,4,0,0,401_TMS926
10,1,,Outbound,,,6802,4,0,0,402_TMS927
10,1,,Outbound,,,6804,4,0,0,403_TMS928
10,1,,Outbound,,,6803,4,0,0,404_TMS929
10,1,,Outbound,,,6804,4,0,0,405_TMS930
10,1,,Inbound,,,6804,37,0,0,406_TMS931
10,1,,Inbound,,,6803,37,0,0,407_TMS932
10,1,,Inbound,,,6811,37,0,0,408_TMS933
10,1,,Inbound,,,6801,37,0,0,409_TMS934
1,1,,Inbound,,,1202,69,0,0,40_TMS1432
10,1,,Inbound,,,6812,37,0,0,410_TMS935
10,1,,Inbound,,,6802,37,0,0,411_TMS936
10,1,,Inbound,,,6804,37,0,0,412_TMS937
10,1,,Inbound,,,6803,37,0,0,413_TMS938
10,1,,Inbound,,,6804,37,0,0,414_TMS939
10,1,,Inbound,,,6801,37,0,0,415_TMS940
10,1,,Inbound,,,6804,37,0,0,416_TMS941
10,1,,Inbound,,,6802,37,0,0,417_TMS942
10,1,,Inbound,,,6804,37,0,0,418_TMS943
10,1,,Inbound,,,6803,37,0,0,419_TMS944
1,1,,Inbound,,,6604,69,0,0,41_TMS1433
10,1,,Inbound,,,6804,37,0,0,420_TMS945
10,1,,Inbound,,,6801,37,0,0,421_TMS946
10,1,,Inbound,,,6804,37,0,0,422_TMS947
10,1,,Inbound,,,6802,37,0,0,423_TMS948
10,1,,Inbound,,,6804,37,0,0,424_TMS949
10,1,,Inbound,,,6803,37,0,0,425_TMS950
10,1,,Inbound,,,6822,37,0,0,426_TMS951
10,1,,Inbound,,,6801,37,0,0,427_TMS952
10,1,,Inbound,,,6821,37,0,0,428_TMS953
10,1,,Inbound,,,6802,37,0,0,429_TMS954
1,1,,Inbound,,,6604,69,0,0,42_TMS1434
10,1,,Inbound,,,6804,37,0,0,430_TMS955
10,1,,Inbound,,,6803,37,0,0,431_TMS956
10,1,,Inbound,,,6804,37,0,0,432_TMS957
11,1,,Outbound,,,9401,5,0,0,433_TMS594
11,1,,Outbound,,,9405,5,0,0,434_TMS595
11,1,,Outbound,,,9402,5,0,0,435_TMS596
11,1,,Outbound,,,9405,5,0,0,436_TMS597
11,1,,Outbound,,,9403,5,0,0,437_TMS598
11,1,,Outbound,,,9404,5,0,0,438_TMS599
11,1,,Outbound,,,9405,5,0,0,439_TMS600
1,1,,Inbound,,,6604,69,0,0,43_TMS1435
11,1,,Outbound,,,9401,5,0,0,440_TMS601
11,1,,Outbound,,,9405,5,0,0,441_TMS602
11,1,,Outbound,,,9402,5,0,0,442_TMS603
11,1,,Outbound,,,9405,5,0,0,443_TMS604
11,1,,Outbound,,,9403,5,0,0,444_TMS605
11,1,,Outbound,,,9404,5,0,0,445_TMS606
11,1,,Outbound,,,9403,5,0,0,446_TMS607
11,1,,Outbound,,,9401,5,0,0,447_TMS608
11,1,,Outbound,,,9403,5,0,0,448_TMS609
11,1,,Outbound,,,9402,5,0,0,449_TMS610
2,1,,Outbound,,,6601,1,0,0,44_TMS1
11,1,,Outbound,,,9405,5,0,0,450_TMS611
11,1,,Outbound,,,9402,5,0,0,451_TMS612
11,1,,Outbound,,,9404,5,0,0,452_TMS613
11,1,,Outbound,,,9402,5,0,0,453_TMS614
11,1,,Outbound,,,9401,5,0,0,454_TMS615
11,1,,Outbound,,,9403,5,0,0,455_TMS616
11,1,,Outbound,,,9401,5,0,0,456_TMS617
11,1,,Outbound,,,9405,5,0,0,457_TMS618
11,1,,Outbound,,,9401,5,0,0,458_TMS619
11,1,,Outbound,,,9404,5,0,0,459_TMS620
2,1,,Outbound,,,4101,1,0,0,45_TMS1463
11,1,,Outbound,,,9402,5,0,0,460_TMS2126
11,1,,Outbound,,,9404,5,0,0,461_TMS2127
11,1,,Outbound,,,9403,5,0,0,462_TMS2128
11,1,,Outbound,,,9404,5,0,0,463_TMS2129
11,1,,Inbound,,,9405,16,0,0,464_TMS157
11,1,,Inbound,,,9401,16,0,0,465_TMS158
11,1,,Inbound,,,9405,16,0,0,466_TMS159
11,1,,Inbound,,,9402,16,0,0,467_TMS160
11,1,,Inbound,,,9405,16,0,0,468_TMS161
11,1,,Inbound,,,9403,16,0,0,469_TMS162
2,1,,Outbound,,,6602,1,0,0,46_TMS2
11,1,,Inbound,,,9404,16,0,0,470_TMS163
11,1,,Inbound,,,9405,16,0,0,471_TMS164
11,1,,Inbound,,,9401,16,0,0,472_TMS165
11,1,,Inbound,,,9405,16,0,0,473_TMS166
11,1,,Inbound,,,9402,16,0,0,474_TMS167
11,1,,Inbound,,,9405,16,0,0,475_TMS168
11,1,,Inbound,,,9403,16,0,0,476_TMS169
11,1,,Inbound,,,9404,16,0,0,477_TMS170
11,1,,Inbound,,,9403,16,0,0,478_TMS171
11,1,,Inbound,,,9401,16,0,0,479_TMS172
2,1,,Outbound,,,4102,1,0,0,47_TMS1464
11,1,,Inbound,,,9403,16,0,0,480_TMS173
11,1,,Inbound,,,9402,16,0,0,481_TMS174
11,1,,Inbound,,,9405,16,0,0,482_TMS175
11,1,,Inbound,,,9402,16,0,0,483_TMS176
11,1,,Inbound,,,9404,16,0,0,484_TMS177
11,1,,Inbound,,,9402,16,0,0,485_TMS178
11,1,,Inbound,,,9401,16,0,0,486_TMS179
11,1,,Inbound,,,9403,16,0,0,487_TMS180
11,1,,Inbound,,,9401,16,0,0,488_TMS181
11,1,,Inbound,,,9405,16,0,0,489_TMS182
2,1,,Outbound,,,6603,1,0,0,48_TMS3
11,1,,Inbound,,,9401,16,0,0,490_TMS183
11,1,,Inbound,,,9404,16,0,0,491_TMS184
11,1,,Inbound,,,9402,16,0,0,492_TMS2130
11,1,,Inbound,,,9404,16,0,0,493_TMS2131
11,1,,Inbound,,,9403,16,0,0,494_TMS2132
12,1,,Outbound,,,6001,44,0,0,495_TMS1792
12,1,,Outbound,,,6011,44,0,0,496_TMS1793
12,1,,Outbound,,,6002,44,0,0,497_TMS1794
12,1,,Outbound,,,6012,44,0,0,498_TMS1795
12,1,,Outbound,,,6001,44,0,0,499_TMS1796
2,1,,Outbound,,,4103,1,0,0,49_TMS1465
1,1,,Outbound,,,1211,6,0,0,4_TMS1406
12,1,,Outbound,,,6002,44,0,0,500_TMS1797
12,1,,Outbound,,,6001,25,0,0,501_TMS1798
12,1,,Outbound,,,6002,25,0,0,502_TMS1799
12,1,,Outbound,,,6001,25,0,0,503_TMS1800
12,1,,Outbound,,,6002,25,0,0,504_TMS1801
12,1,,Outbound,,,6001,25,0,0,505_TMS1802
12,1,,Outbound,,,6022,44,0,0,506_TMS1803
12,1,,Outbound,,,6002,44,0,0,507_TMS1804
12,1,,Outbound,,,6021,44,0,0,508_TMS1805
12,1,,Outbound,,,6001,44,0,0,509_TMS1806
2,1,,Outbound,,,6604,1,0,0,50_TMS4
12,1,,Outbound,,,6022,44,0,0,510_TMS1807
12,1,,Outbound,,,6002,44,0,0,511_TMS1808
12,1,,Outbound,,,6001,44,0,0,512_TMS1809
12,1,,Inbound,,,6002,46,0,0,513_TMS1810
12,1,,Inbound,,,6012,46,0,0,514_TMS1811
12,1,,Inbound,,,6001,46,0,0,515_TMS1812
12,1,,Inbound,,,6011,46,0,0,516_TMS1813
12,1,,Inbound,,,6002,46,0,0,517_TMS1814
12,1,,Inbound,,,6012,46,0,0,518_TMS1815
12,1,,Inbound,,,6001,46,0,0,519_TMS1816
2,1,,Outbound,,,4104,1,0,0,51_TMS1466
12,1,,Inbound,,,6002,21,0,0,520_TMS1817
12,1,,Inbound,,,6001,21,0,0,521_TMS1818
12,1,,Inbound,,,6002,21,0,0,522_TMS1819
12,1,,Inbound,,,6001,21,0,0,523_TMS1820
12,1,,Inbound,,,6002,21,0,0,524_TMS1821
12,1,,Inbound,,,6001,46,0,0,525_TMS1822
12,1,,Inbound,,,6022,46,0,0,526_TMS1823
12,1,,Inbound,,,6002,46,0,0,527_TMS1824
12,1,,Inbound,,,6021,46,0,0,528_TMS1825
12,1,,Inbound,,,6001,46,0,0,529_TMS1826
2,1,,Outbound,,,6605,1,0,0,52_TMS5
12,1,,Inbound,,,6022,46,0,0,530_TMS1827
12,1,,Inbound,,,6002,46,0,0,531_TMS1828
12,1,,Inbound,,,6001,46,0,0,532_TMS1829
13,1,,Outbound,,,4402,12,0,0,533_TMS191
13,1,,Outbound,,,4404,12,0,0,534_TMS185
13,1,,Outbound,,,4406,12,0,0,535_TMS186
13,1,,Outbound,,,4407,12,0,0,536_TMS187
13,1,,Outbound,,,6201,12,0,0,537_TMS188
13,1,,Outbound,,,6202,12,0,0,538_TMS1852
13,1,,Outbound,,,6203,12,0,0,539_TMS1853
2,1,,Outbound,,,4101,1,0,0,53_TMS1467
13,1,,Outbound,,,6204,12,0,0,540_TMS1854
13,1,,Outbound,,,4401,12,0,0,541_TMS963
13,1,,Outbound,,,4402,12,0,0,542_TMS971
13,1,,Outbound,,,4403,12,0,0,543_TMS964
13,1,,Outbound,,,4404,12,0,0,544_TMS972
13,1,,Outbound,,,4405,12,0,0,545_TMS965
13,1,,Outbound,,,4406,12,0,0,546_TMS973
13,1,,Outbound,,,4407,12,0,0,547_TMS966
13,1,,Outbound,,,6201,12,0,0,548_TMS974
13,1,,Outbound,,,6202,12,0,0,549_TMS967
2,1,,Outbound,,,6601,1,0,0,54_TMS6
13,1,,Outbound,,,6203,12,0,0,550_TMS975
13,1,,Outbound,,,6204,12,0,0,551_TMS968
13,1,,Outbound,,,4401,12,0,0,552_TMS976
13,1,,Outbound,,,4402,12,0,0,553_TMS969
13,1,,Outbound,,,4403,12,0,0,554_TMS977
13,1,,Outbound,,,4404,12,0,0,555_TMS970
13,1,,Outbound,,,4405,12,0,0,556_TMS978
13,1,,Outbound,,,4401,12,0,0,557_TMS189
13,1,,Outbound,,,4403,12,0,0,558_TMS190
13,1,,Inbound,,,4405,28,0,0,559_TMS979
2,1,,Outbound,,,4102,1,0,0,55_TMS1468
13,1,,Inbound,,,4402,28,0,0,560_TMS980
13,1,,Inbound,,,4404,28,0,0,561_TMS981
13,1,,Inbound,,,4406,28,0,0,562_TMS982
13,1,,Inbound,,,4407,28,0,0,563_TMS983
13,1,,Inbound,,,6201,28,0,0,564_TMS984
13,1,,Inbound,,,6202,28,0,0,565_TMS1855
13,1,,Inbound,,,6203,28,0,0,566_TMS1856
13,1,,Inbound,,,6204,28,0,0,567_TMS1857
13,1,,Inbound,,,4401,28,0,0,568_TMS985
13,1,,Inbound,,,4402,28,0,0,569_TMS986
2,1,,Outbound,,,6602,1,0,0,56_TMS7
13,1,,Inbound,,,4403,28,0,0,570_TMS987
13,1,,Inbound,,,4404,28,0,0,571_TMS988
13,1,,Inbound,,,4405,28,0,0,572_TMS989
13,1,,Inbound,,,4406,28,0,0,573_TMS990
13,1,,Inbound,,,4407,28,0,0,574_TMS991
13,1,,Inbound,,,6201,28,0,0,575_TMS992
13,1,,Inbound,,,6202,28,0,0,576_TMS993
13,1,,Inbound,,,6203,28,0,0,577_TMS994
13,1,,Inbound,,,6204,28,0,0,578_TMS995
13,1,,Inbound,,,4401,28,0,0,579_TMS996
2,1,,Outbound,,,4103,1,0,0,57_TMS1469
13,1,,Inbound,,,4402,28,0,0,580_TMS997
13,1,,Inbound,,,4403,28,0,0,581_TMS998
13,1,,Inbound,,,4404,28,0,0,582_TMS999
13,1,,Inbound,,,4401,28,0,0,583_TMS1000
13,1,,Inbound,,,4403,28,0,0,584_TMS1001
14,1,,Outbound,,,4401,54,0,0,585_TMS202
14,1,,Outbound,,,4403,7,0,0,586_TMS192
14,1,,Outbound,,,4405,7,0,0,587_TMS193
14,1,,Outbound,,,4401,7,0,0,588_TMS1883
14,1,,Outbound,,,4402,7,0,0,589_TMS194
2,1,,Outbound,,,6603,1,0,0,58_TMS8
14,1,,Outbound,,,4403,7,0,0,590_TMS1884
14,1,,Outbound,,,4404,7,0,0,591_TMS195
14,1,,Outbound,,,4405,7,0,0,592_TMS1885
14,1,,Outbound,,,4406,7,0,0,593_TMS196
14,1,,Outbound,,,4407,7,0,0,594_TMS1016
14,1,,Outbound,,,6201,7,0,0,595_TMS1017
14,1,,Outbound,,,6202,7,0,0,596_TMS1018
14,1,,Outbound,,,6203,7,0,0,597_TMS1019
14,1,,Outbound,,,6204,7,0,0,598_TMS1020
14,1,,Outbound,,,4401,7,0,0,599_TMS1021
2,1,,Outbound,,,4104,1,0,0,59_TMS1470
1,1,,Outbound,,,1202,6,0,0,5_TMS1394
14,1,,Outbound,,,4402,7,0,0,600_TMS1022
14,1,,Outbound,,,4403,7,0,0,601_TMS1023
14,1,,Outbound,,,4404,7,0,0,602_TMS1024
14,1,,Outbound,,,4405,7,0,0,603_TMS1025
14,1,,Outbound,,,4406,7,0,0,604_TMS1026
14,1,,Outbound,,,4407,7,0,0,605_TMS1027
14,1,,Outbound,,,6201,7,0,0,606_TMS1028
14,1,,Outbound,,,6202,7,0,0,607_TMS1029
14,1,,Outbound,,,6203,7,0,0,608_TMS1030
14,1,,Outbound,,,6204,7,0,0,609_TMS197
2,1,,Outbound,,,6604,1,0,0,60_TMS9
14,1,,Outbound,,,4402,7,0,0,610_TMS198
14,1,,Outbound,,,4404,7,0,0,611_TMS199
14,1,,Outbound,,,4401,7,0,0,612_TMS200
14,1,,Outbound,,,4403,7,0,0,613_TMS201
14,1,,Outbound,,,6604,7,0,0,614_TMS1015
14,1,,Inbound,,,4401,17,0,0,615_TMS1031
14,1,,Inbound,,,4403,17,0,0,616_TMS1032
14,1,,Inbound,,,4405,17,0,0,617_TMS1033
14,1,,Inbound,,,4401,17,0,0,618_TMS1034
14,1,,Inbound,,,4402,17,0,0,619_TMS1035
2,1,,Outbound,,,4101,1,0,0,61_TMS1471
14,1,,Inbound,,,4403,17,0,0,620_TMS1886
14,1,,Inbound,,,4404,17,0,0,621_TMS1887
14,1,,Inbound,,,4405,17,0,0,622_TMS1888
14,1,,Inbound,,,4406,17,0,0,623_TMS1036
14,1,,Inbound,,,4407,17,0,0,624_TMS1040
14,1,,Inbound,,,6201,17,0,0,625_TMS1041
14,1,,Inbound,,,6202,17,0,0,626_TMS1889
14,1,,Inbound,,,6203,17,0,0,627_TMS1890
14,1,,Inbound,,,6204,17,0,0,628_TMS1891
14,1,,Inbound,,,4401,17,0,0,629_TMS1892
2,1,,Outbound,,,6605,1,0,0,62_TMS10
14,1,,Inbound,,,4402,17,0,0,630_TMS1893
14,1,,Inbound,,,4403,17,0,0,631_TMS1894
14,1,,Inbound,,,4404,17,0,0,632_TMS1895
14,1,,Inbound,,,4405,17,0,0,633_TMS1896
14,1,,Inbound,,,4406,17,0,0,634_TMS1897
14,1,,Inbound,,,4407,17,0,0,635_TMS1898
14,1,,Inbound,,,6201,17,0,0,636_TMS1899
14,1,,Inbound,,,6202,17,0,0,637_TMS1900
14,1,,Inbound,,,6203,17,0,0,638_TMS1901
14,1,,Inbound,,,6204,17,0,0,639_TMS1037
2,1,,Outbound,,,4102,1,0,0,63_TMS1472
14,1,,Inbound,,,4402,17,0,0,640_TMS1038
14,1,,Inbound,,,4404,17,0,0,641_TMS1039
15,1,,Outbound,,,6402,26,0,0,642_TMS1082
15,1,,Outbound,,,6411,47,0,0,643_TMS1084
15,1,,Outbound,,,6401,47,0,0,644_TMS1069
15,1,,Outbound,,,6412,47,0,0,645_TMS1085
15,1,,Outbound,,,6402,47,0,0,646_TMS1070
15,1,,Outbound,,,6401,47,0,0,647_TMS1071
15,1,,Outbound,,,6402,47,0,0,648_TMS1072
15,1,,Outbound,,,6401,47,0,0,649_TMS1073
2,1,,Outbound,,,6601,1,0,0,64_TMS11
15,1,,Outbound,,,6402,47,0,0,650_TMS1074
15,1,,Outbound,,,6401,47,0,0,651_TMS1075
15,1,,Outbound,,,6402,47,0,0,652_TMS1076
15,1,,Outbound,,,6421,26,0,0,653_TMS1083
15,1,,Outbound,,,6401,47,0,0,654_TMS1077
15,1,,Outbound,,,6422,47,0,0,655_TMS1086
15,1,,Outbound,,,6402,47,0,0,656_TMS1078
15,1,,Outbound,,,6421,47,0,0,657_TMS1087
15,1,,Outbound,,,6401,47,0,0,658_TMS1079
15,1,,Outbound,,,6422,47,0,0,659_TMS1088
2,1,,Outbound,,,4103,1,0,0,65_TMS1473
15,1,,Outbound,,,6402,47,0,0,660_TMS1080
15,1,,Outbound,,,6401,47,0,0,661_TMS1081
15,1,,Inbound,,,6411,30,0,0,662_TMS1903
15,1,,Inbound,,,6401,30,0,0,663_TMS1904
15,1,,Inbound,,,6412,30,0,0,664_TMS1905
15,1,,Inbound,,,6402,30,0,0,665_TMS1906
15,1,,Inbound,,,6411,30,0,0,666_TMS1907
15,1,,Inbound,,,6401,30,0,0,667_TMS1908
15,1,,Inbound,,,6412,30,0,0,668_TMS1909
15,1,,Inbound,,,6402,30,0,0,669_TMS1910
2,1,,Outbound,,,6602,1,0,0,66_TMS12
15,1,,Inbound,,,6401,30,0,0,670_TMS1911
15,1,,Inbound,,,6402,30,0,0,671_TMS1912
15,1,,Inbound,,,6401,30,0,0,672_TMS1913
15,1,,Inbound,,,6402,30,0,0,673_TMS1914
15,1,,Inbound,,,6401,30,0,0,674_TMS1915
15,1,,Inbound,,,6422,62,0,0,675_TMS1926
15,1,,Inbound,,,6402,30,0,0,676_TMS1916
15,1,,Inbound,,,6421,30,0,0,677_TMS1917
15,1,,Inbound,,,6401,30,0,0,678_TMS1918
15,1,,Inbound,,,6422,30,0,0,679_TMS1919
2,1,,Outbound,,,4104,1,0,0,67_TMS1474
15,1,,Inbound,,,6402,30,0,0,680_TMS1920
15,1,,Inbound,,,6421,30,0,0,681_TMS1921
15,1,,Inbound,,,6401,30,0,0,682_TMS1922
15,1,,Inbound,,,6422,30,0,0,683_TMS1923
15,1,,Inbound,,,6402,30,0,0,684_TMS1924
15,1,,Inbound,,,6401,30,0,0,685_TMS1925
16,1,,Outbound,,,6604,36,0,0,686_TMS203
16,1,,Outbound,,,6605,36,0,0,687_TMS528
16,1,,Outbound,,,6601,36,0,0,688_TMS204
16,1,,Outbound,,,6602,36,0,0,689_TMS529
2,1,,Outbound,,,6603,1,0,0,68_TMS13
16,1,,Outbound,,,6603,36,0,0,690_TMS205
16,1,,Outbound,,,6604,36,0,0,691_TMS530
16,1,,Outbound,,,6605,36,0,0,692_TMS206
16,1,,Outbound,,,6601,36,0,0,693_TMS531
16,1,,Outbound,,,6602,36,0,0,694_TMS207
16,1,,Outbound,,,6603,36,0,0,695_TMS532
16,1,,Outbound,,,6604,36,0,0,696_TMS208
16,1,,Outbound,,,6605,36,0,0,697_TMS533
16,1,,Outbound,,,6601,36,0,0,698_TMS209
16,1,,Outbound,,,6602,36,0,0,699_TMS534
2,1,,Outbound,,,4101,1,0,0,69_TMS1475
1,1,,Outbound,,,1201,6,0,0,6_TMS1395
16,1,,Outbound,,,6603,36,0,0,700_TMS210
16,1,,Outbound,,,6604,36,0,0,701_TMS535
16,1,,Outbound,,,6605,36,0,0,702_TMS211
16,1,,Outbound,,,6601,36,0,0,703_TMS536
16,1,,Outbound,,,6602,36,0,0,704_TMS212
16,1,,Outbound,,,6603,36,0,0,705_TMS537
16,1,,Outbound,,,6604,36,0,0,706_TMS213
16,1,,Outbound,,,6605,36,0,0,707_TMS538
16,1,,Outbound,,,6601,36,0,0,708_TMS214
16,1,,Outbound,,,6602,36,0,0,709_TMS539
2,1,,Outbound,,,6604,1,0,0,70_TMS14
16,1,,Outbound,,,6603,36,0,0,710_TMS215
16,1,,Outbound,,,6604,36,0,0,711_TMS540
16,1,,Outbound,,,6605,36,0,0,712_TMS216
16,1,,Outbound,,,6601,36,0,0,713_TMS541
16,1,,Outbound,,,6602,36,0,0,714_TMS217
16,1,,Outbound,,,6601,36,0,0,715_TMS218
16,1,,Outbound,,,6601,36,0,0,716_TMS219
16,1,,Inbound,,,6602,34,0,0,717_TMS1101
16,1,,Inbound,,,6603,34,0,0,718_TMS1102
16,1,,Inbound,,,6604,34,0,0,719_TMS1103
2,1,,Outbound,,,4102,1,0,0,71_TMS1476
16,1,,Inbound,,,6605,34,0,0,720_TMS1104
16,1,,Inbound,,,6601,34,0,0,721_TMS1105
16,1,,Inbound,,,6602,34,0,0,722_TMS1106
16,1,,Inbound,,,6603,34,0,0,723_TMS1107
16,1,,Inbound,,,6604,34,0,0,724_TMS1108
16,1,,Inbound,,,6605,34,0,0,725_TMS1109
16,1,,Inbound,,,6601,34,0,0,726_TMS1110
16,1,,Inbound,,,6602,34,0,0,727_TMS1111
16,1,,Inbound,,,6603,34,0,0,728_TMS1112
16,1,,Inbound,,,6604,34,0,0,729_TMS1113
2,1,,Outbound,,,6605,1,0,0,72_TMS15
16,1,,Inbound,,,6605,34,0,0,730_TMS1114
16,1,,Inbound,,,6601,34,0,0,731_TMS1115
16,1,,Inbound,,,6602,34,0,0,732_TMS1116
16,1,,Inbound,,,6603,34,0,0,733_TMS1117
16,1,,Inbound,,,6604,34,0,0,734_TMS1118
16,1,,Inbound,,,6605,34,0,0,735_TMS1119
16,1,,Inbound,,,6601,34,0,0,736_TMS1120
16,1,,Inbound,,,6602,34,0,0,737_TMS1121
16,1,,Inbound,,,6603,34,0,0,738_TMS1122
16,1,,Inbound,,,6604,34,0,0,739_TMS1123
2,1,,Outbound,,,4103,1,0,0,73_TMS1477
16,1,,Inbound,,,6605,34,0,0,740_TMS1124
16,1,,Inbound,,,6601,34,0,0,741_TMS1125
16,1,,Inbound,,,6602,34,0,0,742_TMS1126
16,1,,Inbound,,,6603,34,0,0,743_TMS1127
16,1,,Inbound,,,6604,34,0,0,744_TMS1128
16,1,,Inbound,,,6605,34,0,0,745_TMS1129
16,1,,Inbound,,,6601,34,0,0,746_TMS1130
16,1,,Inbound,,,6602,68,0,0,747_TMS1131
16,1,,Inbound,,,6601,68,0,0,748_TMS1132
16,1,,Inbound,,,6601,70,0,0,749_TMS1133
2,1,,Outbound,,,6601,1,0,0,74_TMS16
17,1,,Outbound,,,6701,20,0,0,750_TMS1964
17,1,,Outbound,,,6701,20,0,0,751_TMS1965
17,1,,Outbound,,,6701,20,0,0,752_TMS1966
17,1,,Outbound,,,6701,20,0,0,753_TMS1967
17,1,,Outbound,,,6701,20,0,0,754_TMS1968
17,1,,Outbound,,,6701,20,0,0,755_TMS1969
17,1,,Outbound,,,6701,20,0,0,756_TMS1970
17,1,,Outbound,,,6701,20,0,0,757_TMS1971
17,1,,Outbound,,,6701,20,0,0,758_TMS1972
17,1,,Outbound,,,6701,20,0,0,759_TMS1973
2,1,,Outbound,,,4104,1,0,0,75_TMS1478
17,1,,Outbound,,,6701,20,0,0,760_TMS1974
17,1,,Outbound,,,6701,20,0,0,761_TMS1975
17,1,,Outbound,,,6701,20,0,0,762_TMS1976
17,1,,Inbound,,,6701,32,0,0,763_TMS1977
17,1,,Inbound,,,6701,32,0,0,764_TMS1978
17,1,,Inbound,,,6701,32,0,0,765_TMS1979
17,1,,Inbound,,,6701,32,0,0,766_TMS1980
17,1,,Inbound,,,6701,32,0,0,767_TMS1981
17,1,,Inbound,,,6701,32,0,0,768_TMS1982
17,1,,Inbound,,,6701,32,0,0,769_TMS1983
2,1,,Outbound,,,6602,1,0,0,76_TMS17
17,1,,Inbound,,,6701,32,0,0,770_TMS1984
17,1,,Inbound,,,6701,32,0,0,771_TMS1985
17,1,,Inbound,,,6701,32,0,0,772_TMS1986
17,1,,Inbound,,,6701,32,0,0,773_TMS1987
17,1,,Inbound,,,6701,32,0,0,774_TMS1988
17,1,,Inbound,,,6701,32,0,0,775_TMS1989
17,1,,Inbound,,,6701,32,0,0,776_TMS1990
18,1,,Outbound,,,6801,64,0,0,777_TMS1206
18,1,,Outbound,,,6812,64,0,0,778_TMS1207
18,1,,Outbound,,,6802,50,0,0,779_TMS1188
2,1,,Outbound,,,4101,1,0,0,77_TMS1479
18,1,,Outbound,,,6804,50,0,0,780_TMS1201
18,1,,Outbound,,,6803,50,0,0,781_TMS1189
18,1,,Outbound,,,6811,50,0,0,782_TMS1202
18,1,,Outbound,,,6801,50,0,0,783_TMS1190
18,1,,Outbound,,,6802,50,0,0,784_TMS1191
18,1,,Outbound,,,6803,50,0,0,785_TMS1192
18,1,,Outbound,,,6801,50,0,0,786_TMS1193
18,1,,Outbound,,,6802,50,0,0,787_TMS1194
18,1,,Outbound,,,6803,50,0,0,788_TMS1195
18,1,,Outbound,,,6801,50,0,0,789_TMS1196
2,1,,Outbound,,,6603,1,0,0,78_TMS18
18,1,,Outbound,,,6821,50,0,0,790_TMS1203
18,1,,Outbound,,,6802,50,0,0,791_TMS1197
18,1,,Outbound,,,6804,50,0,0,792_TMS1204
18,1,,Outbound,,,6803,50,0,0,793_TMS1198
18,1,,Outbound,,,6822,50,0,0,794_TMS1205
18,1,,Outbound,,,6801,50,0,0,795_TMS1199
18,1,,Outbound,,,6802,50,0,0,796_TMS1200
18,1,,Outbound,,,6803,50,0,0,797_TMS2013
18,1,,Inbound,,,6803,43,0,0,798_TMS1226
18,1,,Inbound,,,6811,24,0,0,799_TMS1221
2,1,,Outbound,,,4102,1,0,0,79_TMS1480
1,1,,Outbound,,,1202,6,0,0,7_TMS1396
18,1,,Inbound,,,6801,24,0,0,800_TMS1208
18,1,,Inbound,,,6812,24,0,0,801_TMS1222
18,1,,Inbound,,,6802,24,0,0,802_TMS1209
18,1,,Inbound,,,6804,24,0,0,803_TMS2014
18,1,,Inbound,,,6803,24,0,0,804_TMS1210
18,1,,Inbound,,,6801,24,0,0,805_TMS1211
18,1,,Inbound,,,6802,24,0,0,806_TMS1212
18,1,,Inbound,,,6803,24,0,0,807_TMS1213
18,1,,Inbound,,,6801,24,0,0,808_TMS1214
18,1,,Inbound,,,6802,24,0,0,809_TMS1215
2,1,,Outbound,,,6604,1,0,0,80_TMS19
18,1,,Inbound,,,6821,43,0,0,810_TMS1227
18,1,,Inbound,,,6803,24,0,0,811_TMS1216
18,1,,Inbound,,,6822,24,0,0,812_TMS1223
18,1,,Inbound,,,6801,24,0,0,813_TMS1217
18,1,,Inbound,,,6821,24,0,0,814_TMS1224
18,1,,Inbound,,,6802,24,0,0,815_TMS1218
18,1,,Inbound,,,6804,24,0,0,816_TMS1225
18,1,,Inbound,,,6803,24,0,0,817_TMS1219
18,1,,Inbound,,,6801,24,0,0,818_TMS1220
18,1,,Inbound,,,6802,24,0,0,819_TMS2133
2,1,,Outbound,,,4103,1,0,0,81_TMS1481
20,1,,Outbound,,,9402,57,0,0,820_TMS2016
20,1,,Outbound,,,9404,33,0,0,821_TMS2018
20,1,,Outbound,,,9403,57,0,0,822_TMS2017
20,1,,Outbound,,,9401,33,0,0,823_TMS2019
20,1,,Outbound,,,9402,33,0,0,824_TMS2020
20,1,,Outbound,,,9403,33,0,0,825_TMS2021
20,1,,Outbound,,,9404,33,0,0,826_TMS2022
20,1,,Outbound,,,9401,33,0,0,827_TMS2023
20,1,,Outbound,,,9402,33,0,0,828_TMS2098
20,1,,Outbound,,,9405,33,0,0,829_TMS2024
2,1,,Outbound,,,6605,1,0,0,82_TMS20
20,1,,Outbound,,,9404,33,0,0,830_TMS2025
20,1,,Outbound,,,9401,33,0,0,831_TMS2026
20,1,,Outbound,,,9403,22,0,0,832_TMS2027
20,1,,Outbound,,,9405,22,0,0,833_TMS2028
20,1,,Outbound,,,9404,22,0,0,834_TMS2029
20,1,,Outbound,,,9402,33,0,0,835_TMS2030
20,1,,Outbound,,,9403,33,0,0,836_TMS2031
20,1,,Outbound,,,9405,33,0,0,837_TMS2134
20,1,,Inbound,,,9401,67,0,0,838_TMS2032
20,1,,Inbound,,,9402,67,0,0,839_TMS2033
2,1,,Outbound,,,4104,1,0,0,83_TMS1482
20,1,,Inbound,,,9403,67,0,0,840_TMS2034
20,1,,Inbound,,,9404,0,0,0,841_TMS2035
20,1,,Inbound,,,9401,0,0,0,842_TMS2036
20,1,,Inbound,,,9402,0,0,0,843_TMS2037
20,1,,Inbound,,,9403,0,0,0,844_TMS2038
20,1,,Inbound,,,9404,0,0,0,845_TMS2044
20,1,,Inbound,,,9401,0,0,0,846_TMS2039
20,1,,Inbound,,,9402,0,0,0,847_TMS2040
20,1,,Inbound,,,9405,0,0,0,848_TMS2041
20,1,,Inbound,,,9404,0,0,0,849_TMS2042
2,1,,Outbound,,,6601,1,0,0,84_TMS21
20,1,,Inbound,,,9401,0,0,0,850_TMS2043
20,1,,Inbound,,,9403,0,0,0,851_TMS2045
20,1,,Inbound,,,9405,0,0,0,852_TMS2046
20,1,,Inbound,,,9404,0,0,0,853_TMS2047
20,1,,Inbound,,,9402,0,0,0,854_TMS2048
20,1,,Inbound,,,9403,0,0,0,855_TMS2049
20,1,,Inbound,,,9405,0,0,0,856_TMS2135
21,1,,Outbound,,,9901,49,0,0,857_TMS1367
21,1,,Outbound,,,9902,49,0,0,858_TMS1368
21,1,,Outbound,,,9901,49,0,0,859_TMS1369
2,1,,Outbound,,,4101,1,0,0,85_TMS1483
21,1,,Outbound,,,9921,49,0,0,860_TMS1370
21,1,,Outbound,,,9922,49,0,0,861_TMS1371
21,1,,Outbound,,,9902,49,0,0,862_TMS1372
21,1,,Outbound,,,9923,49,0,0,863_TMS1373
21,1,,Outbound,,,9901,49,0,0,864_TMS2400
21,1,,Outbound,,,9921,49,0,0,865_TMS1374
21,1,,Inbound,,,9902,65,0,0,866_TMS1376
21,1,,Inbound,,,9912,65,0,0,867_TMS1377
21,1,,Inbound,,,9913,65,0,0,868_TMS1378
21,1,,Inbound,,,9901,65,0,0,869_TMS1379
2,1,,Outbound,,,6602,1,0,0,86_TMS22
21,1,,Inbound,,,9911,65,0,0,870_TMS2399
21,1,,Inbound,,,9902,65,0,0,871_TMS1380
21,1,,Inbound,,,9901,65,0,0,872_TMS1381
21,1,,Inbound,,,9902,65,0,0,873_TMS1382
28,1,,Outbound,,,4211,13,0,0,874_TMS1610
28,1,,Outbound,,,4211,13,0,0,875_TMS1611
28,1,,Outbound,,,4211,13,0,0,876_TMS1612
28,1,,Outbound,,,4211,13,0,0,877_TMS1613
28,1,,Outbound,,,4211,13,0,0,878_TMS1614
28,1,,Outbound,,,4201,13,0,0,879_TMS1615
2,1,,Outbound,,,4102,1,0,0,87_TMS1484
28,1,,Outbound,,,4201,13,0,0,880_TMS1616
28,1,,Outbound,,,4201,13,0,0,881_TMS1617
28,1,,Outbound,,,4201,13,0,0,882_TMS1618
28,1,,Outbound,,,4201,13,0,0,883_TMS1619
28,1,,Outbound,,,4221,13,0,0,884_TMS1620
28,1,,Outbound,,,4221,13,0,0,885_TMS1621
28,1,,Outbound,,,4221,13,0,0,886_TMS1622
28,1,,Outbound,,,4221,13,0,0,887_TMS1623
28,1,,Outbound,,,4221,13,0,0,888_TMS1624
28,1,,Inbound,,,4211,11,0,0,889_TMS1625
2,1,,Outbound,,,6603,1,0,0,88_TMS23
28,1,,Inbound,,,4211,11,0,0,890_TMS1626
28,1,,Inbound,,,4211,11,0,0,891_TMS1627
28,1,,Inbound,,,4211,11,0,0,892_TMS1628
28,1,,Inbound,,,4211,11,0,0,893_TMS1629
28,1,,Inbound,,,4201,11,0,0,894_TMS1630
28,1,,Inbound,,,4201,11,0,0,895_TMS1631
28,1,,Inbound,,,4201,11,0,0,896_TMS1632
28,1,,Inbound,,,4201,11,0,0,897_TMS1633
28,1,,Inbound,,,4201,11,0,0,898_TMS1634
28,1,,Inbound,,,4221,11,0,0,899_TMS1635
2,1,,Outbound,,,4103,1,0,0,89_TMS1485
1,1,,Outbound,,,1201,6,0,0,8_TMS1397
28,1,,Inbound,,,4221,11,0,0,900_TMS1636
28,1,,Inbound,,,4221,11,0,0,901_TMS1637
28,1,,Inbound,,,4221,11,0,0,902_TMS1638
28,1,,Inbound,,,4221,11,0,0,903_TMS1639
29,1,,Outbound,,,4407,15,0,0,904_TMS467
29,1,,Outbound,,,4406,15,0,0,905_TMS852
29,1,,Outbound,,,4407,15,0,0,906_TMS468
29,1,,Outbound,,,6201,15,0,0,907_TMS853
29,1,,Outbound,,,6202,15,0,0,908_TMS469
29,1,,Outbound,,,6203,15,0,0,909_TMS854
2,1,,Outbound,,,6604,1,0,0,90_TMS24
29,1,,Outbound,,,6204,15,0,0,910_TMS470
29,1,,Outbound,,,4401,15,0,0,911_TMS855
29,1,,Outbound,,,4402,15,0,0,912_TMS471
29,1,,Outbound,,,4403,15,0,0,913_TMS856
29,1,,Outbound,,,4404,15,0,0,914_TMS472
29,1,,Outbound,,,4405,15,0,0,915_TMS857
29,1,,Outbound,,,4406,15,0,0,916_TMS473
29,1,,Outbound,,,4407,15,0,0,917_TMS858
29,1,,Outbound,,,6201,15,0,0,918_TMS474
29,1,,Outbound,,,6202,15,0,0,919_TMS859
2,1,,Outbound,,,6605,1,0,0,91_TMS25
29,1,,Outbound,,,6203,15,0,0,920_TMS475
29,1,,Outbound,,,6204,15,0,0,921_TMS860
29,1,,Outbound,,,4401,15,0,0,922_TMS476
29,1,,Outbound,,,4402,15,0,0,923_TMS861
29,1,,Outbound,,,4403,15,0,0,924_TMS477
29,1,,Outbound,,,4404,15,0,0,925_TMS862
29,1,,Outbound,,,4405,15,0,0,926_TMS478
29,1,,Outbound,,,4406,15,0,0,927_TMS863
29,1,,Outbound,,,4407,15,0,0,928_TMS479
29,1,,Outbound,,,6201,15,0,0,929_TMS864
2,1,,Outbound,,,6601,1,0,0,92_TMS26
29,1,,Inbound,,,4407,45,0,0,930_TMS480
29,1,,Inbound,,,4406,45,0,0,931_TMS865
29,1,,Inbound,,,4407,45,0,0,932_TMS481
29,1,,Inbound,,,6201,45,0,0,933_TMS866
29,1,,Inbound,,,6202,45,0,0,934_TMS482
29,1,,Inbound,,,6203,45,0,0,935_TMS867
29,1,,Inbound,,,6204,45,0,0,936_TMS483
29,1,,Inbound,,,4401,45,0,0,937_TMS868
29,1,,Inbound,,,4402,45,0,0,938_TMS484
29,1,,Inbound,,,4403,45,0,0,939_TMS869
2,1,,Outbound,,,6602,1,0,0,93_TMS27
29,1,,Inbound,,,4404,45,0,0,940_TMS485
29,1,,Inbound,,,4405,45,0,0,941_TMS870
29,1,,Inbound,,,4406,45,0,0,942_TMS486
29,1,,Inbound,,,4407,45,0,0,943_TMS871
29,1,,Inbound,,,6201,45,0,0,944_TMS487
29,1,,Inbound,,,6202,45,0,0,945_TMS872
29,1,,Inbound,,,6203,45,0,0,946_TMS488
29,1,,Inbound,,,6204,45,0,0,947_TMS873
29,1,,Inbound,,,4401,45,0,0,948_TMS489
29,1,,Inbound,,,4402,45,0,0,949_TMS874
2,1,,Outbound,,,6603,1,0,0,94_TMS28
29,1,,Inbound,,,4403,45,0,0,950_TMS490
29,1,,Inbound,,,4404,45,0,0,951_TMS875
29,1,,Inbound,,,4405,45,0,0,952_TMS491
29,1,,Inbound,,,4406,45,0,0,953_TMS876
29,1,,Inbound,,,4407,45,0,0,954_TMS492
29,1,,Inbound,,,6201,45,0,0,955_TMS877
35,1,,Outbound,,,1011,38,0,0,956_TMS2226
35,1,,Outbound,,,1012,38,0,0,957_TMS2227
35,1,,Outbound,,,1011,38,0,0,958_TMS2228
35,1,,Outbound,,,1012,38,0,0,959_TMS2229
2,1,,Outbound,,,6604,1,0,0,95_TMS449
35,1,,Outbound,,,1011,38,0,0,960_TMS2230
35,1,,Outbound,,,1012,38,0,0,961_TMS2231
35,1,,Outbound,,,1011,38,0,0,962_TMS2232
35,1,,Outbound,,,1012,38,0,0,963_TMS2233
35,1,,Outbound,,,1011,38,0,0,964_TMS2234
35,1,,Outbound,,,1012,38,0,0,965_TMS2235
35,1,,Outbound,,,1011,38,0,0,966_TMS2236
35,1,,Outbound,,,1012,38,0,0,967_TMS2237
35,1,,Outbound,,,1011,38,0,0,968_TMS2238
35,1,,Outbound,,,1012,38,0,0,969_TMS2239
2,1,,Outbound,,,6604,1,0,0,96_TMS450
35,1,,Outbound,,,1011,38,0,0,970_TMS2240
35,1,,Outbound,,,1012,38,0,0,971_TMS2241
35,1,,Outbound,,,1011,38,0,0,972_TMS2242
35,1,,Outbound,,,1012,38,0,0,973_TMS2243
35,1,,Outbound,,,1011,38,0,0,974_TMS2244
35,1,,Outbound,,,1012,38,0,0,975_TMS2245
35,1,,Outbound,,,1011,38,0,0,976_TMS2246
35,1,,Outbound,,,1012,38,0,0,977_TMS2247
35,1,,Outbound,,,1011,38,0,0,978_TMS2248
35,1,,Outbound,,,1012,38,0,0,979_TMS2249
2,1,,Outbound,,,6604,1,0,0,97_TMS451
35,1,,Outbound,,,1011,38,0,0,980_TMS2250
35,1,,Outbound,,,1012,38,0,0,981_TMS2251
35,1,,Outbound,,,1011,38,0,0,982_TMS2252
35,1,,Outbound,,,1012,38,0,0,983_TMS2253
35,1,,Outbound,,,1011,38,0,0,984_TMS2254
35,1,,Outbound,,,1012,38,0,0,985_TMS2255
35,1,,Outbound,,,1011,38,0,0,986_TMS2256
35,1,,Outbound,,,1012,38,0,0,987_TMS2257
35,1,,Outbound,,,1011,38,0,0,988_TMS2258
35,1,,Outbound,,,1012,38,0,0,989_TMS2259
2,1,,Inbound,,,6605,10,0,0,98_TMS1486
35,1,,Outbound,,,1011,38,0,0,990_TMS2260
35,1,,Outbound,,,1012,38,0,0,991_TMS2261
35,1,,Outbound,,,1011,38,0,0,992_TMS2262
35,1,,Outbound,,,1012,38,0,0,993_TMS2263
35,1,,Outbound,,,1011,38,0,0,994_TMS2264
35,1,,Outbound,,,1012,38,0,0,995_TMS2265
35,1,,Outbound,,,1011,38,0,0,996_TMS2266
35,1,,Outbound,,,1012,38,0,0,997_TMS2267
35,1,,Outbound,,,1011,38,0,0,998_TMS2268
35,1,,Outbound,,,1012,38,0,0,999_TMS2269
2,1,,Inbound,,,6601,10,0,0,99_TMS1487
1,1,,Outbound,,,1202,6,0,0,9_TMS1398
