service_id,monday,tuesday,wednesday,thursday,friday,saturday,sunday,start_date,end_date
20110916,0,0,0,0,1,0,0,20110916,20110916
20110917,0,0,0,0,0,1,0,20110917,20110917
20110918,0,0,0,0,0,0,1,20110918,20110918
20110919,1,0,0,0,0,0,0,20110919,20110919
20110920,0,1,0,0,0,0,0,20110920,20110920
20110921,0,0,1,0,0,0,0,20110921,20110921
20110922,0,0,0,1,0,0,0,20110922,20110922
20110923,0,0,0,0,1,0,0,20110923,20110923
20110924,0,0,0,0,0,1,0,20110924,20110924
20110925,0,0,0,0,0,0,1,20110925,20110925
20110926,1,0,0,0,0,0,0,20110926,20110926
20110927,0,1,0,0,0,0,0,20110927,20110927
20110928,0,0,1,0,0,0,0,20110928,20110928
20110929,0,0,0,1,0,0,0,20110929,20110929
20110930,0,0,0,0,1,0,0,20110930,20110930
20111001,0,0,0,0,0,1,0,20111001,20111001
20111002,0,0,0,0,0,0,1,20111002,20111002
20111003,1,0,0,0,0,0,0,20111003,20111003
20111004,0,1,0,0,0,0,0,20111004,20111004
20111005,0,0,1,0,0,0,0,20111005,20111005
20111006,0,0,0,1,0,0,0,20111006,20111006
20111007,0,0,0,0,1,0,0,20111007,20111007
20111008,0,0,0,0,0,1,0,20111008,20111008
20111009,0,0,0,0,0,0,1,20111009,20111009
20111010,1,0,0,0,0,0,0,20111010,20111010
20111011,0,1,0,0,0,0,0,20111011,20111011
20111012,0,0,1,0,0,0,0,20111012,20111012
20111013,0,0,0,1,0,0,0,20111013,20111013
20111014,0,0,0,0,1,0,0,20111014,20111014
20111015,0,0,0,0,0,1,0,20111015,20111015
20111016,0,0,0,0,0,0,1,20111016,20111016
20111017,1,0,0,0,0,0,0,20111017,20111017
20111018,0,1,0,0,0,0,0,20111018,20111018
20111019,0,0,1,0,0,0,0,20111019,20111019
20111020,0,0,0,1,0,0,0,20111020,20111020
20111021,0,0,0,0,1,0,0,20111021,20111021
20111022,0,0,0,0,0,1,0,20111022,20111022
20111023,0,0,0,0,0,0,1,20111023,20111023
20111024,1,0,0,0,0,0,0,20111024,20111024
20111025,0,1,0,0,0,0,0,20111025,20111025
20111026,0,0,1,0,0,0,0,20111026,20111026
20111027,0,0,0,1,0,0,0,20111027,20111027
20111028,0,0,0,0,1,0,0,20111028,20111028
20111029,0,0,0,0,0,1,0,20111029,20111029
20111030,0,0,0,0,0,0,1,20111030,20111030
20111031,1,0,0,0,0,0,0,20111031,20111031
20111101,0,1,0,0,0,0,0,20111101,20111101
20111102,0,0,1,0,0,0,0,20111102,20111102
20111103,0,0,0,1,0,0,0,20111103,20111103
20111104,0,0,0,0,1,0,0,20111104,20111104
20111105,0,0,0,0,0,1,0,20111105,20111105
20111106,0,0,0,0,0,0,1,20111106,20111106
20111107,1,0,0,0,0,0,0,20111107,20111107
20111108,0,1,0,0,0,0,0,20111108,20111108
20111109,0,0,1,0,0,0,0,20111109,20111109
20111110,0,0,0,1,0,0,0,20111110,20111110
20111111,0,0,0,0,1,0,0,20111111,20111111
20111112,0,0,0,0,0,1,0,20111112,20111112
20111113,0,0,0,0,0,0,1,20111113,20111113
20111114,1,0,0,0,0,0,0,20111114,20111114
20111115,0,1,0,0,0,0,0,20111115,20111115
20111116,0,0,1,0,0,0,0,20111116,20111116
20111117,0,0,0,1,0,0,0,20111117,20111117
20111118,0,0,0,0,1,0,0,20111118,20111118
20111119,0,0,0,0,0,1,0,20111119,20111119
20111120,0,0,0,0,0,0,1,20111120,20111120
20111121,1,0,0,0,0,0,0,20111121,20111121
20111122,0,1,0,0,0,0,0,20111122,20111122
20111123,0,0,1,0,0,0,0,20111123,20111123
20111124,0,0,0,1,0,0,0,20111124,20111124
20111125,0,0,0,0,1,0,0,20111125,20111125
20111126,0,0,0,0,0,1,0,20111126,20111126
20111127,0,0,0,0,0,0,1,20111127,20111127
20111128,1,0,0,0,0,0,0,20111128,20111128
20111129,0,1,0,0,0,0,0,20111129,20111129
20111130,0,0,1,0,0,0,0,20111130,20111130
20111201,0,0,0,1,0,0,0,20111201,20111201
20111202,0,0,0,0,1,0,0,20111202,20111202
20111203,0,0,0,0,0,1,0,20111203,20111203
20111204,0,0,0,0,0,0,1,20111204,20111204
20111205,1,0,0,0,0,0,0,20111205,20111205
20111206,0,1,0,0,0,0,0,20111206,20111206
20111207,0,0,1,0,0,0,0,20111207,20111207
20111208,0,0,0,1,0,0,0,20111208,20111208
20111209,0,0,0,0,1,0,0,20111209,20111209
20111210,0,0,0,0,0,1,0,20111210,20111210
20111211,0,0,0,0,0,0,1,20111211,20111211
20111212,1,0,0,0,0,0,0,20111212,20111212
20111213,0,1,0,0,0,0,0,20111213,20111213
20111214,0,0,1,0,0,0,0,20111214,20111214
20111215,0,0,0,1,0,0,0,20111215,20111215
20111216,0,0,0,0,1,0,0,20111216,20111216
20111217,0,0,0,0,0,1,0,20111217,20111217
20111218,0,0,0,0,0,0,1,20111218,20111218
20111219,1,0,0,0,0,0,0,20111219,20111219
20111220,0,1,0,0,0,0,0,20111220,20111220
20111221,0,0,1,0,0,0,0,20111221,20111221
20111222,0,0,0,1,0,0,0,20111222,20111222
20111223,0,0,0,0,1,0,0,20111223,20111223
20111224,0,0,0,0,0,1,0,20111224,20111224
20111225,0,0,0,0,0,0,1,20111225,20111225
20111226,1,0,0,0,0,0,0,20111226,20111226
20111227,0,1,0,0,0,0,0,20111227,20111227
20111228,0,0,1,0,0,0,0,20111228,20111228
20111229,0,0,0,1,0,0,0,20111229,20111229
20111230,0,0,0,0,1,0,0,20111230,20111230
20111231,0,0,0,0,0,1,0,20111231,20111231
